6.019680
7.907231
8.288739
8.325053
7.869623
7.625765
8.005374
7.990774
8.285800
8.110652
7.731763
7.877659
8.090190
8.024761
7.891350
7.942946
8.087882
8.004822
8.014238
8.019492
7.941716
7.988963
8.000536
8.041062
7.971980
7.982945
7.997637
8.043253
8.043590
7.951792
7.965762
7.990243
8.024043
7.976859
8.004877
7.999759
7.997575
7.999996
8.000282
7.998874
8.000692
8.004388
7.992790
8.030044
7.972538
8.005585
7.998170
8.024519
8.019942
8.130901
8.126836
8.016134
7.672002
8.021156
8.058543
7.992572
7.989270
7.999600
8.001389
8.253991
7.747484
7.990292
7.951735
8.052448
7.958117
8.046753
7.992616
8.004459
8.015950
8.089795
7.880868
7.997734
8.014084
7.999327
8.002490
8.000435
8.290331
7.717514
7.998835
7.987963
8.010075
8.001977
7.990069
8.003044
8.000089
7.973314
8.272504
7.756042
8.003785
8.006262
7.999377
7.978619
8.014832
8.012991
7.997156
7.997247
7.914620
8.058686
8.015549
8.001741
8.018614
7.983673
7.987372
7.984834
8.022215
7.992078
7.998392
8.003278
8.010265
8.000238
7.981311
8.005780
8.288587
7.995198
7.738238
8.007362
7.984102
8.216685
8.040287
7.736609
8.024483
7.990063
8.276001
7.692178
8.012645
8.013168
8.283612
7.712636
8.000354
7.987730
8.025352
8.249891
8.003253
7.723995
8.284824
7.708080
8.273617
7.734006
8.003596
8.000338
8.004156
7.996092
7.994566
8.005150
8.007085
7.976505
8.282896
7.731484
8.000176
8.303150
7.959325
8.033572
7.712887
8.291801
7.957593
7.740206
7.994479
8.044004
8.246134
7.864663
7.958179
8.192183
7.710773
8.009814
8.005597
7.990323
8.009379
8.250947
7.725658
7.998990
8.006128
8.036751
8.246231
7.720393
7.995383
8.003602
8.005498
7.985455
8.002876
8.013981
8.006901
8.014869
8.253699
7.995613
7.709184
8.014805
8.037376
7.963612
7.989621
8.162760
7.838337
7.998240
8.260000
8.002077
8.016157
7.761988
7.956108
8.017864
7.981334
8.028406
7.995770
7.965575
8.271583
7.753673
8.015568
8.252934
7.725238
8.327415
7.641328
8.026624
8.032889
7.966035
8.034253
8.240778
7.757143
8.001028
8.248768
7.751503
7.972976
8.302542
7.682875
8.045626
8.246757
7.709910
8.041965
7.964979
7.989222
8.016846
7.987166
8.169442
8.068592
7.769368
8.009691
8.029155
8.263053
7.762249
7.932275
8.039534
8.003182
8.000571
8.215404
8.051729
7.822137
7.911064
7.958131
7.995435
8.282881
7.770483
7.946430
8.010295
8.054708
7.947446
8.040512
7.999416
8.267642
7.940172
7.736687
8.054709
7.951556
8.046826
7.959028
8.013266
7.985957
8.269937
7.776851
8.211108
7.772176
8.017001
8.224631
7.773900
8.232716
7.779982
8.163950
7.824407
7.979787
7.971869
8.045655
8.004611
8.000641
7.997540
7.971166
8.028001
8.250109
7.749345
7.962656
8.319134
7.716578
8.004257
8.000420
7.960834
8.111431
7.929330
7.983777
8.273290
7.743335
8.189883
8.080885
7.681352
8.325090
7.729125
7.993075
8.002292
8.221947
7.779495
7.998848
8.015798
7.981725
8.000846
8.001976
8.274919
7.663157
8.066091
7.994030
8.004058
8.003705
8.266932
7.997961
8.006562
7.671167
8.053530
8.272442
7.965643
8.041065
7.723171
7.999961
8.280905
7.720839
8.150463
7.846402
7.999406
8.006850
7.995283
7.996306
8.008704
8.194742
7.807470
7.997382
8.268472
7.734142
7.998626
8.267998
7.941994
8.030701
7.770207
7.988705
8.002427
7.996468
7.983053
8.018514
8.006024
8.269858
7.720159
7.994567
8.007230
8.004461
7.963761
8.032717
8.004955
7.998570
8.261478
7.737757
8.001199
8.158309
7.842906
8.266226
7.738928
7.995945
8.000125
8.070715
7.932568
8.009307
8.582775
7.488380
8.181075
7.738074
8.290214
7.969126
8.108715
8.075503
7.771913
8.091793
7.951295
7.990875
8.024189
7.998997
7.986960
8.025807
8.037490
7.966925
7.984589
8.038145
7.980726
7.981500
7.999318
8.020716
7.701187
8.286600
7.712504
8.281099
7.983184
7.985192
7.892942
8.146475
8.003101
7.724596
8.269202
7.951459
8.134594
8.055699
7.602868
7.996411
7.999406
7.984470
8.050367
8.343856
7.604321
7.996466
8.004857
7.998910
8.000559
8.004324
8.111147
8.183135
7.762797
8.207289
7.736670
8.215086
7.786467
7.998879
7.997610
8.271956
7.831248
7.894119
8.001171
7.997273
7.996983
8.003662
8.001111
7.959912
8.047348
8.011241
8.247139
7.680707
8.061120
8.004148
7.989894
8.008852
8.273359
7.723360
8.068518
7.935729
7.992041
8.001129
8.012427
7.985032
8.003357
8.017727
7.986543
8.269932
7.738696
8.272236
7.715529
8.008136
8.002209
7.998883
7.998402
7.998371
7.994460
8.009131
8.255677
7.916095
7.831693
8.000169
7.993048
8.272173
7.949189
7.807918
7.973176
8.260172
7.941893
7.799993
8.270372
8.001487
7.789844
8.209209
7.727067
8.455116
7.843514
7.990907
8.138566
7.637301
8.412848
7.764065
8.084123
8.011493
8.046229
7.627230
8.290882
7.976045
8.005838
8.035922
7.981885
7.946107
8.025717
8.132802
7.891024
7.813275
8.209322
7.990316
7.982604
8.147560
7.898448
8.065383
7.863873
8.038287
7.983512
8.080948
7.979401
8.089209
7.843880
7.974501
8.037980
8.057735
7.935704
8.155301
7.601216
8.246714
8.047314
7.937263
8.023044
7.978828
8.013937
7.981069
8.022159
7.768329
8.228625
8.066852
7.919628
7.735825
8.088662
7.911592
8.491115
7.795554
7.894625
8.133737
7.958179
7.952395
8.047186
7.852107
8.154238
8.090722
7.976088
7.961775
8.003328
7.971970
8.227011
7.932123
7.932079
8.039727
7.859114
8.067557
7.933089
8.006901
8.019840
7.984533
8.001541
8.068357
7.763583
8.156835
8.035883
7.983688
7.743960
8.239786
8.011865
8.042020
7.934507
8.062489
7.997413
7.952598
8.014252
7.979467
8.042666
7.964970
7.786614
8.077117
8.409764
7.720925
7.729106
8.041256
7.960153
8.261177
7.743062
7.991028
8.002491
8.417064
8.086779
7.791161
7.993413
8.002932
8.028417
8.131033
7.803534
8.031602
7.830365
8.163394
8.002280
8.004378
8.121132
7.883275
8.009402
8.008962
7.987513
8.010780
7.733799
8.258494
7.927822
8.089780
7.969185
8.031519
7.976950
8.007101
7.709009
8.357767
7.969669
7.901683
8.310993
7.757604
7.963050
8.055959
7.975189
7.988395
7.661735
8.338257
7.989748
7.748318
8.252095
7.946431
8.086674
7.997355
7.983809
7.880768
8.129813
8.022376
7.981651
8.003996
7.983174
8.021129
7.962545
7.982637
8.006417
8.005612
7.707575
8.036889
8.089493
8.077028
8.099835
7.730088
8.192084
7.806284
8.003558
8.260964
8.019601
7.986179
7.732397
8.015321
8.251856
7.863010
8.080095
7.821054
8.245797
8.004650
7.764283
8.227189
8.002904
7.730526
7.999414
8.264799
8.008131
7.733849
8.000012
8.264757
7.998811
8.015419
7.828643
8.289018
7.608449
8.274137
7.998238
8.021957
7.978884
7.740666
8.262125
8.002819
8.007356
7.731583
8.257271
7.992220
8.008639
7.992128
8.027308
8.012146
7.967373
7.954130
8.060716
7.827473
8.148182
8.000706
8.003497
7.989563
7.964387
7.998799
8.192051
7.883506
7.975075
7.982302
8.030281
8.102392
7.887317
8.025654
7.921131
7.937492
8.113210
8.004900
8.057800
7.946037
7.995907
7.722301
8.004779
8.205203
8.056185
7.767430
8.253762
7.985211
8.024054
7.986653
7.978536
8.025124
8.001351
8.018154
8.156482
7.790679
7.798238
8.222559
7.965753
8.054646
7.995881
7.930836
7.845788
8.213849
7.990326
8.039582
7.982460
7.998288
8.004502
8.006293
8.000388
7.785411
8.157030
7.965705
8.065803
8.015047
8.025251
7.719432
8.240643
8.010118
8.017435
7.961748
8.040614
8.016098
7.979719
8.003582
7.823419
8.194141
8.100807
7.877528
8.010780
8.002878
8.040248
7.668875
8.356538
7.899466
8.109832
7.915098
7.929515
7.916328
8.124049
8.019609
8.017383
7.937485
7.808411
8.267655
7.962365
8.168633
7.833097
7.999876
7.943603
8.053563
8.001064
7.940787
8.072178
7.871130
8.097066
8.149930
7.870039
8.006501
7.948686
8.036507
8.026190
7.991095
7.990977
7.997064
8.007486
8.031180
8.020514
8.023926
7.964296
7.960947
7.717483
8.023291
8.122085
8.153532
7.960830
8.020474
8.001115
7.735519
8.144463
7.856412
7.992903
7.986980
8.007710
8.003737
7.999264
7.999117
8.003138
7.993316
8.283716
7.717952
8.279357
7.984922
7.743422
8.000347
7.994795
8.288358
7.807594
8.178339
8.010804
7.972834
7.941142
8.063869
7.749089
7.999638
8.261839
7.734543
8.145195
8.110052
7.743069
8.248726
7.757952
7.991022
7.997781
8.180553
8.102791
7.987544
7.734247
8.003305
7.995797
8.004491
8.298483
7.702202
8.002928
8.011470
7.979516
7.999370
8.005647
7.995473
8.277701
7.732184
7.995373
8.273934
7.729974
8.002340
7.990535
8.281003
8.001622
7.722534
8.175418
7.825661
8.273125
7.724356
8.006436
7.996706
8.116584
7.895174
7.988471
8.269307
7.739072
7.988439
8.007166
8.254760
7.734571
8.008308
8.005831
8.125525
7.939024
7.940852
7.987203
7.998162
8.011392
7.994558
8.001988
8.159556
8.045327
7.800533
7.995734
8.195363
8.133503
7.934362
7.742098
7.994833
8.027158
8.241345
7.973014
7.760990
8.001548
7.989027
8.016960
7.998387
7.997788
8.010178
8.113232
7.897370
7.971135
8.275608
7.722499
8.012448
8.195099
8.052346
8.008958
7.737992
8.007628
7.997939
7.988853
8.006508
8.002194
8.269935
7.999243
8.000323
7.726738
8.272610
7.831155
7.904357
7.996974
8.000501
7.998281
7.997366
8.000743
8.000830
8.002171
8.004139
7.998848
8.278033
7.981934
7.735869
8.002775
8.002530
7.992958
8.283322
7.726219
8.264837
7.732391
8.005589
7.990482
8.055640
8.205786
7.745131
7.997133
8.276175
7.999015
7.727319
8.002687
7.997834
8.045344
7.953357
8.007791
7.994900
8.006663
7.992525
7.998506
8.004625
8.003418
8.243254
7.879222
7.869408
8.005210
8.265543
8.009781
7.718686
8.003823
7.995710
8.274328
7.731629
7.998598
8.007875
7.993763
8.003150
8.259963
7.843626
7.892151
8.000581
7.995730
8.009495
8.249681
7.743908
8.000732
7.993708
8.089919
8.071442
7.845271
8.010483
8.691901
7.314393
8.256233
8.015527
7.981919
7.740217
7.997336
8.243873
7.752285
8.291563
7.718733
7.989877
8.242321
7.759203
8.263960
7.734560
8.018365
7.986237
8.036680
7.963685
7.995432
8.068642
7.978445
8.000962
7.955918
8.272484
7.733487
7.991184
8.091905
7.911727
8.006347
7.994921
7.999240
8.028373
7.972757
8.001671
8.273265
7.722362
8.061206
7.940000
8.262855
8.003266
7.742675
7.998661
8.273440
7.723475
8.265151
8.004701
7.992095
7.795814
8.214625
8.009951
7.927722
8.053578
8.007151
7.728432
8.255540
7.746218
8.280269
7.985713
7.732047
8.265189
7.928934
8.001926
7.611679
8.195550
8.271658
7.999263
7.734493
7.996048
8.003141
7.998419
8.273509
7.744612
7.986439
7.998418
8.280482
7.722192
7.994224
8.004191
7.999572
7.998408
8.004155
7.997651
8.000944
7.999689
8.266076
8.006428
7.771479
7.970256
7.984895
8.272127
8.010694
7.722123
7.998323
7.995881
8.001419
8.084906
7.916784
7.999680
8.000201
7.999475
8.004844
8.281628
7.789595
7.864171
8.060881
7.999270
8.022395
7.982752
8.271281
8.008879
8.011210
7.985978
7.722997
8.245096
8.033501
7.718891
8.000825
8.006014
8.215227
7.780670
7.997960
8.264728
8.002241
8.005367
7.727821
8.007484
7.990204
8.268216
7.744618
7.991922
8.002896
7.999010
8.006154
7.991762
8.264951
7.733622
8.002841
8.005511
8.274119
7.917002
8.053293
8.025941
7.996237
7.730905
8.001382
7.997418
8.001029
8.273083
8.009547
7.721682
7.996613
7.995038
8.005888
8.221662
7.791806
8.250168
8.025978
7.720359
7.998266
7.991668
8.065830
7.941569
8.278911
7.718718
7.995260
8.273108
7.807754
7.855944
8.034052
8.035824
7.998667
8.266892
7.728498
8.007312
7.999482
7.998916
8.003362
8.248643
7.831601
7.856323
8.062562
8.001185
8.003001
7.990447
7.999669
8.000747
8.006839
8.272059
7.724432
8.000229
8.001580
8.274579
7.726299
7.995604
8.005722
8.102634
7.898776
7.999842
8.269220
8.016889
7.714666
8.277060
7.717030
8.008818
7.996175
7.998450
7.991778
8.010440
7.999761
7.996785
8.002280
7.998375
8.008549
7.996517
8.264073
7.686460
8.050891
8.008351
7.992518
7.989847
8.287643
7.987950
8.014626
7.683954
8.311349
7.658798
8.068914
7.997990
7.995150
8.014956
