7.975417
7.992833
8.014024
8.021358
8.015122
8.007937
7.999801
8.008477
8.022859
8.000734
7.998497
8.002836
8.005015
7.993703
8.009765
7.988631
7.997493
8.002094
8.018540
7.985751
8.001096
8.011521
7.988876
8.008541
7.996432
8.006553
7.974946
8.019427
8.002789
7.985428
7.991856
8.002371
7.994033
8.006193
8.003437
8.002233
7.995902
7.997270
8.034661
7.967967
7.990545
8.026947
7.995692
7.984961
8.000682
7.994117
7.995133
8.013536
8.014925
7.984936
7.988937
7.998599
8.002888
8.005509
7.994778
8.028951
7.978195
7.997076
8.018465
7.983429
7.992813
8.009775
7.999495
7.995293
7.995003
8.007323
7.993326
7.998152
8.035733
7.981345
7.980347
8.003415
8.005740
7.993408
8.012424
8.038193
7.958068
7.993854
8.025536
7.986267
8.004638
7.980628
8.020978
7.978866
8.010182
7.986729
8.006291
7.999459
8.028688
8.008444
7.959464
8.014532
7.986143
7.996824
8.002977
8.000630
7.997567
8.004512
8.014782
7.983403
8.010035
8.016324
7.970275
7.994294
8.000975
7.999244
8.020530
7.999649
7.898455
8.142495
8.047808
7.999674
7.983439
7.972514
8.043475
7.998555
7.999730
7.998768
8.019012
7.982543
8.001748
7.975156
8.034093
8.004288
8.018143
7.970871
7.990575
7.970476
8.047455
7.990076
8.001232
7.991552
7.997555
8.006565
7.981079
8.012960
8.013331
7.994939
8.006923
7.987476
7.998432
8.001891
7.984488
8.017966
7.991408
7.993731
8.006252
7.997389
8.015431
7.996571
7.993325
7.991303
8.008993
8.002531
7.997107
7.994573
7.987995
8.010490
8.002806
7.996803
8.013110
7.990752
8.011469
7.988970
8.001854
7.979431
7.997471
8.022209
8.013283
7.982715
8.005119
7.996632
7.980417
7.996885
8.025673
7.989014
8.003706
8.017129
7.993964
8.010794
7.985408
7.989492
8.006229
8.014388
7.976402
7.996234
8.017772
7.976789
8.057119
7.991651
7.959193
8.011538
8.001180
7.997582
7.977723
8.006359
8.018129
7.993675
8.013242
7.993489
8.002236
7.997646
7.983966
8.013331
8.004579
7.969195
8.014098
7.990393
8.030938
7.974564
8.010236
8.009939
7.998603
8.009704
7.972276
8.007312
8.004124
7.990107
8.021238
7.967547
8.013422
8.003656
7.979107
8.017536
7.997949
7.991671
7.992779
8.012916
8.014921
7.986857
7.981504
8.015735
7.993960
8.010329
7.908368
8.105402
7.981666
8.007632
8.004827
7.996407
7.982170
8.036338
7.980192
7.981603
8.019055
7.997698
8.019280
7.976161
8.047932
7.942240
8.007165
8.009695
8.015894
7.968657
8.003710
8.016431
7.993170
7.977043
8.035354
7.987116
7.998594
7.984849
7.998172
8.004315
8.002155
8.002715
7.995665
8.002553
8.022708
7.979855
8.013539
7.981510
8.030737
7.979988
7.997311
7.973546
8.019772
7.993397
8.027562
7.987862
7.990543
8.007459
7.992627
8.010868
7.999024
7.971587
8.012705
8.007051
7.998704
7.982380
8.010874
8.002061
7.997806
8.043489
7.964068
8.000916
7.990375
8.019968
8.001745
8.023896
7.948181
7.991774
8.001678
8.001313
8.043676
7.981075
7.987628
7.999657
8.016923
7.977934
8.010093
8.047695
7.953203
7.999737
7.994554
8.007191
7.999422
7.992594
8.017443
7.969031
8.015295
8.007795
7.910288
8.060173
8.007103
8.013605
8.002619
7.985664
8.030663
7.926755
8.030472
7.986364
7.986221
8.042460
8.007891
8.000936
7.995478
7.914079
8.003381
8.092308
7.973607
8.029846
7.976613
7.996918
8.048691
7.967013
7.998880
7.910412
8.106295
7.990041
7.988615
7.962073
8.036321
8.030712
7.972022
8.002452
7.900551
8.116611
7.993210
7.972465
7.994762
8.058749
7.949511
7.961559
8.040097
7.958380
8.052270
7.986848
8.021318
7.986500
8.004938
7.982066
7.917614
8.100621
7.996799
7.990707
7.997083
7.988049
8.044663
7.984615
8.035182
7.915160
8.047621
7.988900
8.020478
7.989381
7.981096
8.018245
7.872054
8.098488
7.987247
8.044698
7.970299
8.017399
8.002211
7.997594
7.990225
7.914560
8.074535
8.031504
7.970125
7.998585
8.016091
8.004062
8.017467
7.989734
7.895049
8.088975
7.996641
8.030399
7.980024
7.985277
8.012325
7.909498
8.112527
7.976714
7.995317
7.996700
8.009263
8.011253
7.997270
7.994888
7.906381
8.098088
7.997417
7.990879
7.998456
8.009470
7.997832
7.899651
8.079606
7.984506
8.035341
7.983310
8.033915
7.962927
8.025413
7.991257
7.899711
8.106643
8.000568
7.991021
7.992896
7.985564
8.029232
7.957113
8.056832
7.986052
7.971534
8.025614
7.991568
7.980790
8.019042
8.017089
7.929308
8.039356
8.005414
8.012175
8.003917
7.996692
7.983264
8.020765
7.984289
8.009906
8.017652
7.986375
7.992052
8.002701
7.908300
8.087291
7.998484
8.015787
7.996196
7.995101
8.008959
7.986143
7.983049
7.976648
8.038896
7.910899
8.043526
8.067090
7.963949
8.021706
8.009866
7.981124
7.994395
7.990614
8.027581
7.972105
8.006242
7.940251
8.063216
8.000092
8.002548
8.001306
7.991105
8.031058
7.999127
7.983544
7.955231
8.046835
7.996603
7.973753
8.052401
7.978660
7.997111
8.019823
7.950244
8.019107
7.983435
8.017081
8.004917
7.990938
8.008042
7.994712
8.004665
8.005889
7.976997
8.027864
7.969607
8.033672
7.986292
7.997492
8.017338
7.968985
8.003541
7.999708
8.011319
7.977437
8.039005
7.983754
8.040347
7.943615
8.017974
7.995658
7.981547
8.019643
8.033957
7.967343
7.995762
7.999624
7.978948
8.016396
8.017942
7.985545
8.010255
8.018571
7.967604
7.959550
8.049642
7.998134
7.999501
8.001788
7.930433
8.066072
8.013597
7.978534
8.005042
8.018668
7.986260
7.996724
8.020368
7.977478
8.018392
7.965332
7.995409
7.998146
7.988935
8.031207
7.999951
8.019715
7.969764
7.918552
8.114146
7.979290
7.992086
8.008778
7.993912
8.014803
7.984747
8.028398
7.964995
7.996144
8.016488
8.000676
7.992408
7.985898
8.013228
8.011527
7.994593
8.023463
7.873011
8.077843
8.056710
7.956204
8.016304
7.986257
8.001424
8.004664
8.007095
7.991002
7.995897
7.993886
8.024888
7.975675
7.954859
8.051723
7.998585
8.021424
7.987098
7.900566
8.083944
8.023026
8.007247
7.976385
8.008452
7.997138
8.003314
7.982416
8.009412
8.004150
8.019805
7.990406
7.999447
7.989378
7.995631
8.007393
7.974197
8.017768
7.957708
8.061985
7.979615
8.002450
8.015092
7.966467
8.020914
7.991687
7.989891
8.035662
7.972390
8.006723
7.993528
8.010264
8.017005
7.972122
8.025728
7.976649
8.021041
7.952988
8.027381
8.005936
7.988147
8.004423
7.979355
8.028874
8.025233
7.964864
7.992398
8.010663
7.986126
8.007245
8.004137
7.998517
8.007830
8.001124
7.992009
8.000410
7.990050
8.001436
8.009559
8.011988
7.970193
7.999993
8.030090
7.986776
8.027183
7.949669
8.022630
8.002505
8.005259
7.986175
7.987187
8.016318
8.002207
7.984950
8.018677
7.993651
7.993439
7.981083
8.007082
8.010969
7.993093
8.005753
8.034416
7.995943
7.979635
7.996497
7.990672
8.015557
7.991082
7.982742
8.015262
7.980037
8.054840
7.964712
7.991773
8.007079
8.005896
7.978566
8.012549
8.020496
7.998761
7.984673
8.005777
7.977162
8.017099
7.992823
8.012674
7.999097
7.985128
8.009806
8.001781
8.021531
7.981118
7.994310
8.042359
7.961638
7.976418
8.016321
8.015712
7.987120
8.002523
7.996810
8.011942
8.004553
7.984072
7.991489
8.024332
7.976249
7.996698
8.014533
7.986639
7.992047
8.054109
7.961008
8.026598
7.975120
7.997362
8.001426
7.997567
7.974427
8.010784
8.016601
7.997955
7.989108
8.018421
7.991232
7.975973
8.037831
7.975489
8.010532
7.986987
8.022718
8.038571
7.952258
7.991709
8.000179
8.001809
8.012680
7.997716
7.909793
7.993321
8.006109
7.979022
8.041654
7.949191
8.015295
7.988363
8.012018
7.987515
7.999091
7.995991
8.010368
7.994260
7.999391
8.022803
7.972674
7.998168
8.020920
7.985075
7.998261
8.002664
8.015141
7.982068
8.002119
7.998125
7.996867
8.002022
8.016137
7.995644
7.988594
7.996185
8.006853
8.019411
7.978648
8.009340
8.000866
7.990434
8.014668
7.978269
8.000196
8.003090
7.984864
8.029798
8.015660
7.964092
8.000098
8.005299
8.012405
7.990865
8.018631
7.970447
7.999690
8.039172
7.972362
7.990761
8.000929
8.004132
8.017694
7.990746
7.998109
7.993344
8.007995
7.984522
7.999094
8.013380
7.990672
8.019866
7.998955
7.974823
7.999735
8.003926
7.993371
8.002458
8.003029
7.996905
8.010768
7.987927
8.052851
7.945748
7.999556
8.014331
7.995509
8.000669
7.994991
7.996774
8.014349
7.983103
8.015595
8.002502
7.991357
8.027754
7.975357
7.987076
8.019208
8.002778
7.980988
8.003873
8.012636
7.981295
8.019059
7.984426
8.018373
7.986305
7.998664
8.010520
7.993688
8.000862
8.004586
7.984612
7.957472
8.049948
7.987338
8.004090
7.992094
8.018051
7.986721
7.999163
8.018719
7.984830
7.997112
7.995311
8.008541
8.004239
8.007078
8.016206
7.966074
8.007536
8.014855
7.975231
8.002177
8.004561
8.005024
8.005344
7.982662
8.005087
8.034357
7.969477
8.018593
7.990209
7.977836
8.011822
7.989298
8.017707
7.953010
8.033817
8.007192
7.994407
8.042814
7.951270
7.996859
8.008493
7.999512
8.000513
8.011711
7.978754
8.030726
7.968869
8.017059
8.012687
7.982513
7.998064
8.006424
7.997621
8.036392
7.957214
7.995676
7.995321
8.017548
8.024104
7.965519
8.003307
8.006738
7.992216
7.993502
7.993293
8.035450
7.976668
8.011124
7.989372
7.998520
7.995155
8.000930
8.026315
7.977802
8.003398
7.986337
8.000131
8.045160
7.969198
8.007550
7.981111
8.000438
8.008873
7.990016
7.995582
8.010798
7.996763
8.010817
7.985276
8.036262
7.968820
7.993952
8.050984
7.950706
7.997281
8.010570
8.025503
7.987948
7.987964
8.016833
7.969773
8.005549
8.002450
7.986870
8.025873
8.014314
7.962836
8.025475
8.008507
7.965161
8.008045
7.991779
8.010059
7.992291
7.995852
8.012057
7.993495
8.028086
7.976935
8.002777
8.024021
7.963629
7.995376
8.016161
7.987234
8.001359
8.021404
8.000325
7.970587
8.026804
7.976939
7.996777
8.005440
8.040982
7.961885
7.996634
7.992182
8.038234
7.979277
8.002153
7.987695
7.994133
8.034535
7.978042
7.990546
8.004354
8.006430
8.011658
7.981627
8.012614
7.981290
8.014803
7.992616
8.011976
7.995098
7.981324
8.009527
8.016123
7.988833
7.994594
7.996175
8.002907
8.007499
7.985719
8.000582
8.001925
7.998118
8.021260
7.984650
7.995179
8.001767
7.999016
7.995131
8.003356
8.024864
7.966265
8.009805
8.037666
7.965708
7.982757
8.009889
8.002704
7.993497
8.031386
7.981739
8.000251
7.996882
8.019065
7.967805
8.002738
8.012876
7.985018
8.015628
7.991997
7.997996
8.023296
7.973816
8.015650
7.991113
8.000388
8.001123
7.992367
8.024478
7.977744
7.994865
7.993578
8.010277
8.004731
7.985403
7.973970
8.031640
8.009701
7.981977
8.007716
8.002846
8.001758
7.991715
8.015928
7.990942
7.999189
8.011179
8.015566
7.952842
7.956946
8.067939
8.018327
7.982739
8.024317
8.007522
7.970940
7.985538
8.007452
8.008949
7.989906
8.005696
7.989982
8.013269
8.005057
8.000172
7.980181
7.991982
8.019807
8.008045
7.979363
7.996213
8.021970
7.979593
8.011597
8.027818
7.954731
8.046505
7.958566
8.017066
7.991322
7.993512
7.994929
8.010531
7.994798
7.996879
7.998049
8.034172
7.972072
8.008685
7.990279
8.003975
7.993894
8.003852
7.995862
8.018867
7.980546
7.993294
8.003160
8.030419
7.975604
8.001574
7.998951
8.000223
8.010962
7.982115
8.010786
8.027103
7.988477
7.991939
7.977282
8.005721
7.999355
8.011710
7.986515
7.999223
8.001640
7.996201
8.006176
8.012120
7.983290
7.998085
8.001426
8.008105
7.992173
7.994976
8.008665
8.008005
8.013689
7.986585
7.980003
8.009925
7.993284
8.001095
8.005442
7.997590
8.000824
7.999769
8.002600
8.033983
7.961402
7.998033
8.001501
8.000398
7.999364
8.035495
7.999598
7.958751
7.994690
8.024266
7.992700
8.002036
7.986877
8.008590
7.997568
7.997112
8.005088
8.018381
7.972201
8.020099
7.984626
8.009239
7.983427
8.018053
7.986020
7.999923
8.006132
7.996930
7.992757
8.020861
7.977396
8.001287
8.010978
7.988618
8.005297
7.973661
8.028531
8.000676
7.990531
8.019558
7.986363
8.006895
7.988873
8.010046
7.985877
8.001743
7.994885
8.012155
7.992566
8.011016
7.989946
7.990395
8.013950
8.039457
7.947295
8.015186
8.006544
7.991197
7.993898
8.024481
7.977723
7.989147
8.009879
7.999583
8.012833
7.982733
7.994180
8.004821
7.996086
8.031208
8.003226
7.979337
7.991028
8.005528
7.999760
8.003732
8.000978
7.987817
7.999707
8.020210
7.991376
8.016694
7.965756
8.010260
8.007713
7.990333
7.998334
8.004632
7.991623
8.017533
7.984391
8.011518
7.994801
7.998222
7.996183
8.008918
7.995104
8.004018
8.006482
7.996630
7.989012
8.000862
8.008584
7.988491
8.002048
7.994833
8.016388
7.984240
8.006759
8.006683
7.984810
8.004621
8.042899
7.960284
7.997776
8.027262
