7.975067
7.988621
8.016338
8.020997
8.016454
8.013692
8.010591
8.004106
8.011534
8.009328
8.009798
7.986358
8.008455
8.024707
7.987810
7.997192
7.994139
8.007272
7.998396
8.018021
7.983480
7.998074
8.035731
7.972096
8.020908
7.980197
7.998496
8.035206
7.964052
8.013412
7.987954
8.010593
7.987775
8.021453
7.980492
7.997733
8.005652
8.001663
7.997863
8.014522
7.988392
7.993745
8.006510
7.999556
8.007048
7.998168
8.006339
7.992805
7.999314
8.019897
7.984276
7.992583
8.003215
8.013266
8.001669
7.984804
8.003043
7.998342
7.998982
8.022341
7.978904
8.068136
7.951754
7.979838
8.003018
7.998062
7.999625
8.001354
8.012982
8.033475
7.958027
8.000848
8.010047
7.989532
7.998520
8.000763
8.014435
7.991103
7.997966
8.024242
7.974881
8.014067
8.019800
7.986938
7.992514
8.014096
7.987922
7.998305
8.003241
8.019823
7.985376
7.996024
7.987453
7.999704
8.000266
8.012954
8.010691
7.990992
8.007923
8.010755
8.001291
7.989101
7.982328
8.005984
8.004261
7.990681
8.015346
7.987723
7.904470
8.053144
8.060235
8.000983
7.999028
7.984027
8.017014
7.995673
7.995192
7.995462
8.009356
8.015375
7.980662
8.005785
8.001176
8.000473
7.995587
8.002747
8.003875
8.005837
8.002735
8.006258
7.996708
7.981650
8.014715
7.983318
7.997358
8.017819
8.004163
7.983491
8.016238
8.014418
7.967951
8.001652
8.024340
7.977520
8.014147
7.995419
7.997902
8.003141
7.997323
8.016115
7.989929
8.000002
7.996834
8.004724
7.996876
7.991798
8.017130
7.999060
7.995608
8.032229
7.978590
7.991308
7.995290
8.003662
7.999316
8.002625
8.009622
7.984747
8.040147
7.982190
7.991685
7.983927
8.021884
7.991148
7.997307
8.002758
8.017470
7.974053
8.005936
8.017087
7.983809
7.992584
8.011724
7.993317
8.006609
7.998427
7.996558
8.001894
8.011491
8.004129
7.991643
8.000866
7.993751
8.003273
8.001820
7.991826
8.011404
8.002052
7.992406
8.017767
7.979848
8.019493
7.978920
8.001093
8.035047
7.973942
7.992812
8.009016
7.991940
8.012162
7.982604
7.995519
8.024575
7.989483
7.997082
7.994700
7.978095
8.032365
8.008352
8.014218
7.982712
7.996103
7.986773
8.018839
7.996424
7.998041
8.007194
7.995925
8.008824
8.005409
7.975617
8.017521
7.995236
7.959341
8.042414
8.006934
7.994755
8.004289
7.994097
8.017966
7.994213
7.989495
8.000404
7.988965
8.023120
7.991279
7.997550
8.020484
7.992329
8.003795
7.977648
8.014740
7.985784
8.011481
8.001922
8.001716
7.991672
7.993262
8.012760
8.030599
7.989590
7.972847
8.007820
7.994563
8.003002
8.002043
7.994747
7.996170
8.012812
8.044733
7.962041
7.993631
8.003936
8.003013
8.047153
7.958071
7.999012
7.998949
7.990275
8.026037
8.002670
7.976159
8.018856
8.001721
7.985496
7.989758
8.012953
8.004090
7.995761
8.008915
7.999469
8.000972
7.982732
7.994666
8.016368
7.994809
8.007447
7.993364
8.000166
8.027640
7.993990
8.003795
7.984561
8.003017
7.989112
8.010286
8.007045
7.987479
7.997398
8.023519
7.985776
8.006209
8.005200
7.995387
7.992042
8.029074
7.985756
7.982160
8.009423
8.010188
7.982699
8.000716
7.999007
7.999307
8.010270
8.001335
8.008145
7.997027
7.998877
8.022668
7.989980
7.982322
8.016545
8.011299
7.963817
8.025969
8.006989
7.984833
7.999170
8.022716
7.981623
7.977596
8.015470
7.997355
7.990295
8.018695
7.994047
8.010017
7.979482
8.026446
7.978970
7.994351
8.004377
8.014609
7.986405
8.023346
7.986235
8.009285
7.991549
8.023328
7.996480
7.976368
8.013196
8.007519
7.977283
8.018489
7.995988
8.004363
7.994058
8.016715
7.975135
8.020023
7.984237
8.010207
7.989751
7.993461
8.003018
8.012080
7.994007
8.009818
8.012105
7.986800
7.994816
8.008142
8.005280
7.992308
8.003323
7.998166
7.999786
7.997341
8.009452
7.995863
7.993564
8.004816
8.017125
7.980886
8.003770
7.997169
8.002358
8.029028
7.974422
8.003765
8.070463
7.928630
8.020022
7.979194
8.003300
7.993143
8.000664
8.035620
7.966948
8.008586
8.005905
7.986661
8.017739
7.983380
8.013335
7.990724
7.997321
8.000863
8.032887
7.971603
7.995558
8.002073
8.031616
7.970412
8.001598
7.999647
8.012535
7.993890
7.996031
7.999471
8.003605
8.003043
8.016786
7.977130
8.036579
7.969405
8.044778
7.951974
8.032162
7.971776
8.014834
7.985909
8.034361
7.963822
8.003906
8.011533
7.985294
8.000582
8.014332
8.008947
8.053200
7.935941
8.022668
7.975816
7.993102
8.055304
7.954908
8.006352
8.004105
7.997495
8.001485
8.044146
7.964338
8.037731
7.940608
8.062275
7.938360
8.063660
7.955012
7.999379
7.992304
7.997575
8.080631
7.914771
8.059336
7.953892
8.005219
8.052788
7.930542
7.998065
8.015550
8.046294
7.967432
7.981502
7.995033
8.059916
7.998422
7.940715
7.999682
8.001926
8.002231
8.072877
7.956278
7.993389
7.980759
8.090423
7.905068
8.013619
7.987079
8.021579
7.980704
8.000028
8.027575
7.980517
7.997028
7.995803
8.010270
8.061483
7.940480
7.991784
7.998600
8.013995
8.008291
7.981286
8.001903
8.001921
8.003628
7.996977
8.058098
7.944820
8.069143
7.932805
8.104042
7.901291
8.017486
8.038071
7.940280
8.058314
7.943964
8.055828
7.945307
8.065859
8.025015
7.905949
8.000579
7.970648
8.028967
7.998710
8.003742
8.003585
7.997664
8.007788
8.012615
7.980954
8.051107
8.001867
7.997115
7.959902
8.064629
7.982103
8.020451
7.985686
8.037278
7.961927
7.848472
8.034898
8.064993
8.054712
7.944766
8.013895
7.982789
8.011963
8.014667
7.976542
8.005991
8.061938
7.934151
7.998340
8.061251
7.955826
8.051043
7.997431
7.977768
8.019046
7.960295
8.046144
7.990303
8.018985
8.000073
7.962003
8.020698
7.995499
8.019219
7.992812
8.017232
7.942448
8.036676
8.015384
8.008327
7.921184
8.084665
7.977539
8.008630
8.015445
7.928894
8.045287
7.995066
7.947660
8.001631
7.999305
8.015826
8.037575
8.034595
7.922102
8.044762
7.950542
8.057895
7.978713
8.029172
7.938410
8.064467
7.997621
8.026220
7.974299
8.001633
7.999390
7.997191
7.998031
8.005767
7.998195
8.000668
8.004150
7.957340
7.984104
7.998701
8.009629
8.007747
7.983549
8.062395
7.997164
8.033051
7.966906
8.009211
7.985807
8.021937
7.992910
7.994786
8.002688
8.007022
7.989589
8.002056
7.989509
8.028975
7.977172
7.946867
8.047194
8.000401
8.044208
7.967125
7.997697
8.009478
7.997392
8.010734
7.999960
7.982697
8.017235
7.985523
8.049066
7.965778
7.983520
8.004254
8.012781
7.946482
8.065826
7.976658
8.014296
7.992100
7.989599
8.001595
8.005726
8.027049
7.975234
8.035010
7.988348
7.938877
8.043653
8.034777
7.959087
7.994296
8.012379
7.993440
7.975056
7.995779
7.991134
8.083198
7.966081
7.955402
8.039361
7.998473
7.960735
8.048006
7.997708
8.036919
7.960832
8.016393
7.978377
8.000052
7.998982
8.029232
8.034889
7.937911
7.999623
8.027172
7.974162
8.014337
8.004336
7.939717
8.054370
7.970286
7.978081
8.056420
7.999396
8.057221
7.934803
7.949732
8.056377
8.039837
7.952761
8.028408
7.983352
8.000555
8.021191
8.003191
7.979031
7.997511
8.032625
7.969829
8.023736
7.977891
8.016918
7.983543
8.007897
8.010393
7.981327
8.000442
8.001935
8.002913
7.986536
8.011006
8.035238
7.993056
7.963994
8.037561
7.981203
8.008446
7.985744
7.997510
7.971763
8.034874
8.015473
7.972634
8.012273
8.001690
7.984018
8.018257
7.998861
7.988041
8.018529
7.988624
8.002756
8.016903
7.987329
8.000115
8.001953
7.996605
7.999716
8.009286
8.009903
7.995587
7.961816
8.015857
7.968104
7.995175
7.987905
8.012143
8.007628
7.981993
8.011081
7.999813
7.979650
8.027937
7.972402
8.017990
7.993189
7.995379
8.005705
8.006827
8.016992
7.975775
8.021707
7.993505
8.001742
8.006023
7.991370
8.010025
7.992317
8.000794
8.014726
7.973086
8.014290
7.995479
7.996852
8.016834
7.992022
7.998450
7.999898
8.003573
8.006751
8.004939
7.991044
8.041279
8.009952
7.996326
7.994952
8.031636
7.975319
8.011599
8.000599
7.981377
8.013847
7.996948
7.945406
8.070712
7.988585
8.003164
7.985360
8.003610
8.023596
7.985118
7.958534
7.998315
8.007983
7.975028
8.005792
8.004288
7.992628
7.987193
8.029930
7.974362
7.996649
8.016800
7.999257
8.003508
8.026927
7.962535
8.014315
7.995325
8.015018
8.001855
8.010244
7.989848
7.996204
8.006808
7.991755
7.988730
8.032119
7.991933
8.003407
7.992655
7.985661
7.992016
8.025001
7.980033
8.036871
7.959678
8.005798
8.029096
8.005200
7.967270
8.006412
8.004865
8.002961
7.946302
8.035477
7.994033
8.017595
7.995332
8.021865
7.969878
8.025269
7.974610
8.011039
8.005798
8.007953
7.998253
8.001468
8.004642
8.005097
7.974828
8.011362
8.015460
7.979296
8.002980
8.000545
7.997014
8.001154
8.000031
8.027882
7.971587
8.017318
7.996614
7.980592
8.015069
8.008484
7.997630
8.002223
8.010586
8.000502
7.988494
7.979209
8.030521
7.998390
7.973679
8.010106
8.038502
7.967613
7.969035
8.053222
7.970464
8.004484
7.993641
7.996317
8.006459
8.003276
8.022281
7.986073
7.995508
8.033763
7.987565
7.969537
8.005138
8.011522
8.007410
7.992425
7.994331
7.999968
7.999435
8.034695
7.987749
8.001080
7.987304
8.015550
7.990972
8.003623
7.982281
8.005628
8.013020
8.013973
7.970190
7.999470
8.003918
7.991456
8.010097
7.993540
8.008630
8.006238
7.991906
8.035462
7.964693
7.996705
8.010125
7.991262
8.005629
8.012923
8.003399
7.978472
8.009051
8.024167
7.974574
8.008327
7.992605
8.004145
7.999991
7.991378
8.002654
8.017102
7.987526
8.021686
7.989739
8.025384
7.977567
8.003720
7.983738
7.994619
7.998719
7.999765
8.002505
8.016426
8.002966
7.991361
8.000021
7.994774
7.996204
8.019557
7.987791
7.992068
8.007025
7.987637
8.013063
7.996189
8.010276
7.994942
7.995490
8.000069
8.073038
7.934716
8.006097
8.020687
7.982076
7.989793
7.997246
8.002087
8.020880
8.001746
7.979895
8.002235
7.997022
8.022327
7.948999
8.057548
7.991341
7.977632
8.029756
8.011319
7.968304
8.019922
7.995597
8.022162
7.969942
8.001932
8.005995
7.986383
8.003094
8.002154
8.000692
7.993864
8.022381
7.994887
7.994411
8.005793
7.998986
8.015842
7.977533
7.994705
8.005562
8.002612
8.014835
8.003168
7.981191
7.997956
8.001532
8.034663
7.976219
8.009487
7.996752
8.000194
8.004416
8.019402
7.963353
8.004403
7.997567
7.995515
8.009282
7.990821
7.954834
8.051109
7.996625
8.058172
7.942730
8.009167
8.010158
8.001579
7.987491
7.993867
8.008572
7.996130
8.017511
8.001068
7.987307
7.997048
8.006097
7.993074
8.001862
8.018025
7.980837
8.008460
7.989979
8.035671
7.996780
7.968911
8.031264
7.989425
8.003274
8.028214
7.948985
8.006501
8.003417
8.090851
7.976274
8.022349
7.996658
7.981432
8.009976
7.991717
8.026424
7.999677
8.006496
7.960371
8.055403
7.968648
7.992383
8.010600
7.995643
7.986009
8.024539
7.940361
8.028034
8.028537
7.989019
7.989778
8.031239
7.976910
7.943509
8.065724
7.993884
8.027287
7.993223
7.996509
7.993392
7.989409
8.010415
8.012861
8.024485
8.000267
7.992844
7.953422
8.058433
8.003554
7.949274
8.003259
7.991205
8.021982
8.004599
7.988478
8.011949
7.989555
7.976588
8.031308
8.021772
7.994850
7.993493
7.981520
8.020779
7.992556
8.039657
7.946163
7.986073
8.008312
8.033679
8.001597
7.969923
8.012746
8.028592
8.000764
7.974088
7.975134
8.011134
8.024808
7.973140
8.026587
7.982330
8.005627
8.018106
8.002659
7.982386
8.005063
7.980871
8.019715
8.027519
7.852844
8.066652
8.034286
8.034753
7.967000
8.013299
7.998395
8.029629
7.968695
7.985179
8.043176
7.969887
7.999498
8.035106
7.972046
8.005451
7.974553
8.035048
7.987733
7.982228
8.043892
7.995486
8.006953
7.988320
7.985592
8.001838
8.024394
8.003391
7.994272
7.928318
8.061910
7.978994
7.997175
7.978804
7.973110
8.007447
8.010269
8.001809
7.986748
7.990631
8.016275
7.997114
7.989496
8.023244
8.005081
7.977375
7.987213
8.016626
7.986487
8.001027
7.997828
8.008942
8.005155
8.007986
7.993210
8.004639
7.997817
7.985279
8.028095
7.993813
7.990842
7.998555
7.994687
8.020608
7.980130
8.023307
7.996627
8.001763
8.017854
7.979747
7.997539
7.981817
8.004571
8.029505
7.999433
7.967201
8.023462
7.999704
8.005573
7.999019
7.992547
8.006058
8.005098
8.019107
7.969914
8.014965
7.971402
8.002476
8.001587
8.039676
7.972941
8.006431
7.978659
8.034736
7.966748
8.002318
8.014014
8.002028
8.010622
7.979275
8.004397
8.022584
7.991391
8.019780
7.981808
7.984633
8.023209
7.981948
8.003039
7.984713
8.024257
7.990749
7.991216
8.022219
7.991872
7.983325
8.006363
7.999124
8.031494
7.974370
8.019601
8.005154
7.989290
8.015077
7.962803
8.018123
8.006115
8.013783
7.996240
7.990546
