0.075636
0.067272
0.065691
0.065577
0.065460
0.055724
0.066138
0.065906
0.065685
4.855722
7.989708
8.060741
7.955332
7.994417
7.988819
8.083405
8.032485
7.926411
8.003440
7.947532
7.944207
8.135600
7.986464
7.948663
7.917025
8.084841
8.060661
8.044855
7.787622
8.251460
8.038073
7.813270
7.940246
8.152078
7.948627
7.939328
8.055612
7.956465
7.935373
8.257586
7.771714
7.955863
8.014487
7.990078
8.104226
7.966234
8.039010
8.026783
8.064959
8.022470
7.978427
8.042659
7.966208
7.943843
8.021574
8.100930
7.901141
7.994412
8.018519
7.951426
8.050790
7.975098
8.081518
7.962368
8.007822
7.964433
8.063989
7.953129
8.123136
7.918843
7.960007
8.004063
8.016721
8.010532
7.904227
8.033628
7.975978
8.030208
8.248074
7.649372
8.029251
8.081654
7.957423
8.022930
7.969889
8.095037
7.946551
8.033458
7.962544
8.046338
7.926887
8.132721
7.831694
8.012572
8.000047
8.079640
7.934208
8.091679
7.912525
8.017195
8.472568
7.502198
7.971253
7.965076
8.034281
8.026663
8.024328
7.996415
8.042925
7.962378
8.028042
7.984457
7.929482
8.078727
7.975703
7.996061
7.948320
8.097923
7.943429
7.951763
7.981003
7.984554
7.995802
8.014779
8.035866
8.055108
7.917890
7.977876
8.022365
8.026256
7.983310
7.992350
7.999376
8.006042
7.988340
8.010828
9.516709
6.618205
7.872662
7.984154
8.006111
8.025425
7.984240
8.030782
8.045283
7.985761
7.910024
8.071470
7.933410
7.987226
8.167117
8.007585
7.941938
7.994358
8.027362
8.000377
8.054863
7.962246
7.990449
8.008227
8.001907
8.007830
7.883582
8.108677
7.980353
8.013426
7.997600
8.014597
7.998883
7.923030
7.949753
7.982866
7.995614
8.012106
7.988053
8.025572
7.988331
7.991555
8.004440
7.991282
8.005814
8.005103
7.994716
8.016478
7.975485
8.051837
8.057217
8.006666
8.043142
7.970413
8.001430
7.904405
8.151546
7.987230
7.994953
8.017127
7.945330
7.989033
8.020928
8.024484
7.971301
8.034532
7.952178
8.027130
7.985798
8.046228
7.963089
8.033293
7.949521
8.001826
8.032708
7.999288
7.928742
8.091531
7.906208
8.040852
7.957445
8.075264
8.011688
7.990748
8.021728
7.979318
7.957076
8.003976
8.061342
8.009654
7.982600
7.927502
8.071070
7.941997
8.019351
8.012900
7.989332
7.943527
8.016309
8.000469
8.005618
8.021993
7.954493
7.984815
7.997967
8.006478
7.995777
8.035576
8.118392
7.944968
7.948822
7.978388
8.022820
7.960620
8.049661
7.984390
7.983516
7.985513
8.047801
7.969895
8.005746
8.026071
7.999081
7.941981
8.024437
8.007817
8.049364
7.967210
8.005755
7.965381
8.086378
7.962292
8.081548
7.896470
8.070924
8.015672
7.895825
8.066591
7.923107
8.082311
8.017281
7.992509
7.998629
7.917221
8.101642
8.015560
7.984283
7.994066
7.995615
8.009166
7.948272
8.127666
7.840934
7.958572
8.001598
8.003232
7.986617
8.006372
8.009527
7.983782
8.006011
8.005134
8.033879
7.961945
8.042277
7.969728
8.017734
7.972311
8.053903
7.958352
8.052299
7.995265
7.995496
7.986882
8.023055
7.982409
8.023400
8.076275
7.927361
8.016750
8.161385
7.862605
7.982661
8.000301
8.081092
7.977724
8.001717
8.004785
8.041766
7.878450
7.967075
8.124153
7.934431
7.994908
7.983016
8.019093
8.070814
7.908861
8.098780
7.901184
8.082979
7.940041
8.063142
7.936881
8.040693
7.974796
7.949015
7.997408
7.984597
8.005911
8.010725
8.004741
8.013867
7.995191
7.985458
7.998054
8.003007
7.979189
8.013595
8.007728
8.012544
7.980716
8.052044
7.973173
7.988393
7.979674
8.037823
7.983712
7.995542
7.976062
8.014859
7.992275
8.021594
8.009278
7.964459
8.016718
8.005497
8.020474
7.994646
8.010789
7.953845
8.021665
7.992682
7.985201
8.003908
8.033194
7.963704
8.020297
7.992597
7.990214
8.006559
8.036385
7.999577
7.994287
7.994750
8.556909
7.463232
8.030162
8.011418
7.995700
7.991429
8.003406
7.940128
7.995407
8.046149
7.971191
8.006663
7.982744
7.981474
8.047823
8.026120
8.066714
7.930809
8.050804
7.950009
7.998828
8.059453
7.982784
7.962547
8.050053
8.035417
7.914108
8.020522
8.067590
7.994130
7.998017
7.986168
7.977486
8.012974
7.964070
8.089445
7.955187
7.933221
8.069099
8.023170
7.982395
8.021103
8.002103
7.915230
8.006349
7.990385
8.079469
7.926056
8.004671
8.098095
7.893500
8.109780
7.899405
8.095988
7.883083
8.012797
7.971474
8.015201
8.055182
7.970929
7.998044
7.985077
7.983001
8.028793
7.987097
7.995675
7.976525
8.032517
7.966399
8.026554
7.998275
7.989177
7.997473
8.029136
7.964148
8.098496
7.943829
8.601459
7.454222
7.993298
8.029697
7.996695
7.954725
8.019909
7.967827
8.041049
8.010400
7.997878
7.988818
8.011963
7.951371
8.046698
7.954291
8.012715
7.990850
7.994588
8.013570
7.987829
8.005612
8.075984
7.924776
8.069527
7.980803
8.032852
7.995388
8.042619
7.959875
8.067498
7.891560
7.990308
8.026689
8.003585
7.992319
7.964273
8.049411
7.947762
7.991170
8.004445
8.072855
8.003544
7.926773
8.001003
8.018880
7.985557
8.084457
7.923381
7.945139
8.245985
7.795071
8.010637
7.994264
7.991563
8.009600
8.000139
8.010628
7.985162
8.006087
8.002008
8.042980
7.983831
8.016545
8.013698
7.984595
7.987058
8.016191
7.997485
8.005866
7.940444
8.095792
7.986639
8.006785
8.070033
7.940484
7.966892
7.989790
8.034796
7.964756
8.019040
7.981640
7.984220
8.026310
7.999748
8.008744
7.988505
7.972095
8.022317
7.938498
7.999211
7.981728
8.042842
7.976578
8.030143
7.966645
8.010470
7.974025
8.017384
8.115671
7.867407
8.009768
7.945471
8.002925
8.054510
7.948141
7.992370
8.047197
7.987806
8.033783
7.982331
8.003617
8.027724
8.044986
8.036296
7.985936
7.994375
8.016827
7.914766
8.015581
8.055935
8.043329
7.888166
8.180019
7.902621
7.994927
8.013740
8.003349
7.955501
7.949336
8.043498
7.931730
8.065607
8.008586
8.044815
7.964457
8.000178
8.032343
7.939497
8.071206
7.934296
8.016398
7.988490
7.971535
8.028561
7.956229
8.048029
7.936739
8.076101
7.943963
8.260138
7.862386
7.964554
8.029602
7.992175
8.000514
7.985453
7.934262
8.070217
8.000262
8.013956
7.991268
8.015494
7.988938
8.018305
7.972067
8.001294
8.015130
8.010160
8.117875
7.900786
7.947760
8.020135
8.029434
7.900487
8.114549
7.955147
7.992609
8.021252
8.062770
8.028556
7.908552
7.955407
7.963150
8.040499
7.994900
8.007012
7.963060
7.986106
8.008575
8.034769
7.972152
8.001974
7.991851
7.982939
8.038628
7.993508
7.977425
8.005628
7.986018
8.024859
7.994021
8.008350
7.982911
8.006932
8.002834
7.985925
8.027976
7.979740
7.996440
8.004125
7.988715
8.003192
8.013421
8.107453
7.950849
7.993909
7.991719
8.000088
8.010613
8.104810
7.908243
8.032905
8.007740
8.017874
7.978379
7.949649
8.046601
7.983502
7.984416
8.019922
7.970545
7.995127
8.020780
7.999221
8.014162
7.983430
7.985174
8.002082
7.994877
8.001255
7.998989
8.014384
7.987554
8.020425
7.987670
8.002809
8.010743
7.997526
8.009559
8.487104
7.498611
7.994578
8.003482
7.993419
8.025580
7.997047
7.990672
7.991775
7.999829
7.999852
7.996477
8.007392
8.007484
7.990831
8.002999
8.015247
7.994583
7.998422
7.997037
8.006006
7.993110
7.998141
7.999780
8.000486
8.004840
8.000647
8.001928
7.998119
7.996488
8.012249
8.024751
8.037994
7.952016
8.009291
7.969139
8.022131
7.971968
8.021310
8.017638
7.970410
7.999199
8.006095
7.996033
8.017398
8.005187
7.979056
8.004596
8.009270
7.987320
8.005283
8.001409
8.000622
7.996088
7.999336
8.004009
7.998603
8.010002
7.995728
8.000697
7.995867
8.003642
7.997003
8.006681
7.988365
8.027366
7.941333
8.003258
8.002702
7.991672
8.012741
7.975001
8.008668
8.011189
7.977786
8.008104
8.032926
7.963761
8.017030
7.992177
7.999956
7.993225
8.070199
7.948796
7.995663
7.993905
8.001007
7.981539
8.034553
7.982495
8.010353
7.981327
8.088810
7.934599
8.014894
7.970899
8.001347
8.040191
8.415559
7.629504
8.476161
7.533273
8.028845
7.997296
7.944667
8.000937
7.997556
8.061098
7.950159
7.991948
8.093658
7.906304
8.050765
7.949435
8.067982
7.936008
8.019225
7.975130
8.005045
7.998636
8.069552
7.941308
7.995410
8.012347
7.986775
8.110076
7.884449
8.019852
8.003552
8.004659
8.011516
7.989102
8.018226
8.031469
7.960103
7.994381
8.058307
7.993861
8.059330
7.920431
7.977558
7.960213
8.049569
7.981345
8.033291
7.977170
7.987424
7.997125
8.329525
7.677018
8.021694
7.976223
8.007923
8.003961
7.988953
8.022099
7.999987
7.993673
8.001254
8.005003
7.999225
7.992889
8.021124
7.984189
7.988364
8.011469
7.992911
8.001884
8.013585
7.987432
8.026527
7.971100
7.946757
8.081675
7.981641
7.993947
7.982929
8.025840
7.996665
8.093811
7.893541
8.042561
8.003718
8.004282
8.013565
8.024995
7.932511
7.931848
8.018708
7.986534
8.007939
7.986221
7.982846
7.985095
8.017002
7.989782
8.000813
7.998918
8.003101
7.990543
8.009544
8.062288
7.989602
7.997407
7.988665
8.011617
8.003628
7.967108
7.972069
8.014358
7.993049
8.005110
8.050716
7.970479
7.972702
8.010899
8.006227
7.994819
7.981685
8.049244
7.961639
8.007342
8.039004
8.498572
7.502951
8.023374
8.004709
7.989183
7.978471
7.994265
8.010310
7.994813
8.022797
8.004965
7.992926
7.995993
8.082697
7.925257
7.997147
7.978371
8.119076
7.979973
8.007161
8.021884
7.997386
7.972594
8.003072
7.998337
8.029608
7.975589
8.023927
7.978897
8.023079
7.976453
7.994691
8.016287
8.002225
7.996695
8.007109
8.004881
7.975970
8.015701
8.020919
7.972898
8.003733
8.009348
8.002737
8.013423
7.999013
8.027332
7.951704
8.026527
7.978214
8.037936
7.976460
7.998556
7.983341
8.001999
8.012032
8.022041
7.981416
7.985709
8.004706
7.989205
8.068061
7.956150
7.939450
7.964167
8.033676
8.035990
7.984935
7.990239
8.041685
7.924724
8.069732
8.002732
7.991002
8.004643
7.986803
8.003453
7.942868
8.054741
7.996584
8.016816
7.936213
8.112135
7.945837
7.996588
8.003983
7.992511
7.999176
8.005827
7.995583
8.000192
7.999773
8.016531
7.988692
7.997397
7.950891
8.079532
7.996919
7.998835
7.971730
8.141539
7.919556
7.979731
8.068111
7.930802
8.021645
7.970269
8.029441
7.982581
8.047242
7.955978
7.997733
7.990200
8.036571
8.002966
8.017220
7.949626
8.006277
8.032951
7.974818
7.957132
8.056507
7.974477
8.036452
7.985052
8.005506
8.054416
7.947634
7.957906
7.994714
7.993753
8.014923
7.997434
8.023427
8.767486
7.298832
8.039574
7.847678
8.028574
7.957047
8.032559
7.957701
8.051502
7.953744
8.048969
7.968638
8.024955
7.964066
8.015959
7.976590
8.010346
8.010762
8.418306
7.582072
7.975497
8.012948
7.980462
8.051706
8.000711
8.002199
8.049630
8.027632
7.993729
7.995553
8.005488
8.004060
7.991027
8.041394
7.996943
8.033878
7.953842
8.014716
7.982276
7.920679
8.047257
7.944646
8.083846
7.994481
7.908941
7.967725
7.995833
7.992105
8.052959
7.955816
8.009034
7.982366
8.039042
7.974004
8.051379
7.995863
8.013220
8.044997
7.951313
8.073658
7.992971
7.977198
7.961756
8.075589
7.978548
7.997724
8.027753
7.971852
8.004007
8.018529
7.975851
8.009272
8.041449
7.956973
8.020700
7.995872
7.981203
7.996859
8.008806
8.024842
7.997265
8.007592
8.025503
8.017667
7.883316
8.058684
7.981605
8.006981
8.043264
7.999555
7.955696
8.011076
7.989118
7.994532
8.039082
7.994845
8.016655
7.979344
8.009256
7.967869
8.022115
7.967292
8.015643
7.948047
8.043478
8.006436
8.009277
7.994763
8.005181
7.999293
8.034676
7.961186
8.042648
7.963893
8.000330
8.021562
7.980763
8.066023
8.005083
7.911426
7.955145
7.992230
7.982114
8.004742
8.010923
8.003586
8.094134
7.967774
7.955211
8.044042
8.030864
7.925685
8.044857
7.991687
7.930805
8.011233
7.972734
8.031876
7.992595
7.983172
7.996636
8.080162
7.939093
8.011296
7.998830
7.991113
8.004283
7.986159
8.107787
8.008576
8.071689
7.948362
7.984679
8.020877
8.001380
7.966778
8.044160
7.969468
8.019453
8.002480
8.018233
7.977853
8.012397
7.992807
7.989733
8.004329
8.033275
7.901032
8.074592
7.992583
8.015449
7.904122
8.011445
8.021326
8.041016
7.987911
7.922658
7.991864
7.995483
8.042735
8.108640
8.026929
7.940419
8.069326
7.971450
7.991935
7.985933
8.003433
8.005219
7.962210
7.994769
7.996400
7.978711
7.960276
8.081671
7.922901
8.111252
7.980799
8.022620
7.957190
8.005672
7.986622
7.995140
8.000369
8.005432
7.999078
7.986451
8.011669
8.015117
7.984071
8.024680
8.003462
7.981861
7.994809
8.023294
7.982387
8.046098
7.954702
8.047254
7.952882
8.020929
7.993930
7.986544
8.000104
8.022907
7.999712
8.004061
7.987411
7.989231
8.009610
8.016389
7.978830
7.999853
8.010894
8.010611
