7.873672
7.988233
7.992902
7.978678
8.052104
8.068693
7.904155
8.069043
7.977810
8.027218
7.987893
7.998789
8.012158
8.034627
7.943560
8.035895
7.988971
8.057142
7.938400
8.039709
7.961428
8.008534
7.956814
8.038041
7.971451
8.017097
7.984804
8.021839
7.986537
8.021975
7.979902
8.013765
7.989063
8.006081
8.001367
8.024649
7.968008
8.032383
8.043072
8.059795
7.947345
7.932206
7.998230
8.001074
7.988599
8.002364
7.978683
7.993430
8.024507
8.055552
7.915328
8.027918
7.982101
8.017579
8.017352
7.955342
8.017606
7.982120
8.028205
7.996497
7.996935
8.002559
7.997203
8.023179
7.919875
8.054299
7.977127
8.005032
8.006359
8.036047
7.972874
7.994819
8.016026
8.008627
7.963906
8.000430
7.995901
8.038935
7.988939
8.015471
7.992171
7.994178
8.014465
7.973387
8.023176
7.969506
8.010729
7.998860
8.004812
7.994049
8.007352
7.989783
7.986757
8.035537
7.962484
8.029757
7.984215
7.987052
8.023593
7.992902
7.999497
7.979083
8.013006
7.994006
8.014424
8.035887
7.969773
8.014208
8.009130
8.078345
7.891049
7.983073
8.043955
7.992119
7.960773
8.005718
7.987925
8.039450
7.984047
7.988759
7.989141
8.011828
8.011769
7.982788
8.033241
7.997169
7.983411
7.979230
8.030285
8.010854
7.997279
7.955710
8.023355
8.003967
7.999790
8.006549
8.001452
7.995028
7.976425
8.044805
7.978549
8.003910
7.973118
8.036429
7.975193
8.009067
7.991329
7.987741
7.996811
8.057288
7.966143
7.978898
8.006818
7.999500
8.017827
7.985396
7.991876
8.013548
8.002652
8.020552
7.986972
7.989826
8.028328
7.963153
8.004531
8.005751
8.006839
7.988427
8.008745
8.002076
8.000801
7.985799
8.000501
8.009882
7.994125
7.991318
8.001272
8.003533
8.021072
8.017616
8.009475
7.954472
8.006075
7.978138
8.030382
7.968823
8.016727
7.980119
8.049333
7.983183
7.979991
8.013606
7.981345
8.010033
7.987460
8.002614
8.007210
7.972201
8.032676
8.010544
7.991302
8.001129
7.989490
8.001831
7.988727
7.990602
8.031360
8.019939
7.981876
7.999278
7.963248
8.004864
8.000437
8.024470
7.969202
8.032329
7.982636
8.021605
7.986532
8.033085
7.952533
8.003055
8.006543
8.008455
7.995529
7.997091
7.979139
8.041169
7.986463
7.990449
8.010236
7.967874
8.027874
7.993336
8.000293
7.999444
7.984398
8.056574
8.017426
7.952270
7.977109
7.988780
8.037473
7.971540
8.020414
7.974587
8.019979
8.012953
7.960660
8.160961
7.905626
8.016623
8.005644
8.047166
7.919600
8.037967
7.927157
8.038114
7.977190
8.020454
7.958425
8.013042
7.997895
8.026192
7.962716
8.007964
7.998480
8.012148
7.986216
8.039740
7.941686
8.035528
7.975976
8.037376
7.957833
7.987662
8.039150
7.998653
7.986099
8.019013
7.988973
8.003417
8.003518
7.994972
7.977593
8.024389
7.985801
8.018523
7.987415
8.023333
7.980858
8.002470
7.996271
8.003780
7.991323
8.010802
7.990555
8.027350
7.955326
8.040634
7.970311
8.007058
7.995071
8.000484
7.981270
8.027439
7.971600
8.042097
7.965819
8.029837
7.955248
8.054398
7.983518
7.999876
7.984646
8.096833
7.935084
8.051260
7.898975
8.140365
7.927485
8.013665
8.024656
7.996845
7.991115
7.996441
8.002455
7.991466
7.983935
8.036290
7.964880
8.025232
7.962216
8.045805
7.976228
8.006635
7.986133
8.018626
7.982464
8.043865
7.963177
7.991844
8.001865
8.012909
7.991110
7.999874
8.030868
7.963008
8.020281
8.001995
7.924724
7.985253
8.011462
7.981924
8.027597
8.000024
8.012509
7.949844
8.060136
8.057071
7.965709
8.048755
7.931146
8.050403
7.901238
8.073078
7.994653
8.024305
7.986468
8.041190
7.938355
8.040925
8.027556
7.951686
8.008588
7.991599
8.022440
7.966909
8.023102
8.001014
8.001241
7.993877
7.960258
8.043043
8.010322
7.989209
7.967032
7.985997
8.008652
8.037984
7.996387
8.006903
7.995504
7.969831
8.009133
8.017931
7.962086
8.045722
7.980785
8.016825
7.988553
7.993568
8.013251
7.995675
8.019945
7.984617
7.929444
8.076883
7.978799
8.005026
8.025058
7.974076
8.026160
7.965012
8.022937
7.980029
7.994246
8.018367
7.927049
8.060485
8.017075
7.998678
7.992433
8.005563
8.155275
7.953824
8.033676
7.986063
8.006142
7.965544
7.992684
8.025900
7.892177
8.078914
8.024271
8.001123
7.967916
8.028079
8.046687
7.918036
8.055830
7.958024
8.011099
7.994910
7.998867
8.027534
7.889807
8.102171
7.970884
7.905749
8.113456
7.978549
8.051438
7.949768
8.054883
7.956524
8.024164
7.978662
8.024110
7.980028
7.954910
8.076742
7.972340
7.976933
8.023511
8.041903
8.006140
7.919759
7.998118
8.020960
8.006135
7.997335
8.012889
7.980472
8.006877
8.033649
7.957069
8.039694
7.976392
7.883883
8.130315
7.946803
7.999894
8.053032
7.975918
7.971756
8.026825
8.006618
7.978261
8.038995
7.924552
7.972925
8.037662
7.856598
8.143992
7.938070
8.035251
7.972411
7.953296
7.919631
8.014771
8.032412
7.971305
7.986636
8.044954
7.966703
7.984070
8.009222
8.016007
8.003270
7.996951
7.985487
8.013697
7.982813
8.021103
7.965051
7.993859
8.021257
7.982623
8.014688
8.006204
7.995163
8.006146
7.987510
8.031086
7.998464
7.999520
7.966458
8.000650
8.006389
7.988001
8.032963
7.976575
8.022849
8.008277
7.961896
7.998930
8.002905
8.026169
8.002761
7.967092
8.015472
8.005448
7.987882
8.001096
7.995634
8.008845
8.010204
7.974744
8.007655
8.009585
8.010492
7.971819
8.017371
8.012371
7.976891
8.005752
7.995298
8.024194
8.005334
7.969750
8.005629
8.020343
7.994110
8.017373
7.973822
7.997015
7.990835
7.971472
8.045783
7.966854
8.039306
7.982106
8.003272
8.017871
7.982888
8.012737
7.988829
7.976162
8.019949
7.992000
7.982162
8.002482
8.021087
7.997331
8.008257
8.149734
7.954492
8.027913
7.917874
7.978339
8.074373
8.053274
7.963894
8.057255
7.807132
8.144607
7.974118
8.038158
7.921700
8.062912
7.928509
8.082074
7.920444
8.060788
7.981956
8.036420
7.947919
8.031926
7.926072
8.111998
7.934392
8.050997
7.945283
8.067093
7.912280
8.075399
7.940236
8.052398
7.985933
8.002350
7.963254
8.056408
7.922329
8.107980
7.832962
8.190378
7.778401
8.022832
8.007179
7.994000
7.993454
7.999848
7.987825
8.023736
7.976935
7.993820
8.017532
7.986671
8.000527
8.000158
7.990070
8.017238
7.988467
8.023823
7.995041
8.000038
8.001479
7.983502
7.991430
8.000819
7.998234
8.002368
8.021309
7.986155
8.001685
8.002360
7.991496
8.019028
8.006416
7.977772
7.993439
8.014362
7.998977
7.988086
8.019535
7.990046
7.986204
8.016458
7.979229
7.998929
8.017391
8.010468
7.976100
8.012949
8.001917
7.990239
8.010942
7.990905
7.991138
8.020248
8.000669
8.006335
7.996413
7.979601
8.015975
7.976158
8.029415
7.990022
8.022034
7.969647
8.000466
8.008473
8.004292
7.998685
7.988339
8.014104
7.975463
8.010566
7.995554
8.004171
8.001698
8.000696
7.991915
8.023140
7.985208
7.998672
7.982316
8.020308
7.996946
7.940759
8.058008
8.003747
7.989127
8.024944
7.986511
8.020259
8.006834
7.981609
7.973961
8.011116
7.969854
8.022751
7.997923
8.016475
8.006133
7.993968
8.000981
7.987637
7.984093
8.000042
8.035039
7.979457
8.011636
7.988026
8.021855
7.986981
8.016644
7.953221
8.035939
7.993068
8.013315
7.969446
8.016567
8.000387
7.980099
7.999524
7.997985
7.999052
8.024497
7.981164
8.031588
7.973119
8.041174
7.961400
7.988259
8.023984
8.001407
7.997458
8.025507
7.981537
7.998151
7.997928
7.993289
8.004647
7.977233
8.015256
7.991098
7.985096
8.008232
7.995090
8.038959
7.959561
8.014319
8.013278
7.998746
8.001667
7.989346
7.980142
8.040857
7.988180
7.970468
8.025961
7.992600
8.004544
7.999343
7.976065
8.037264
7.971600
8.051121
7.984948
7.976160
7.986476
8.015931
8.007295
7.979381
8.036604
7.993191
7.995173
8.003199
7.959045
8.025667
8.016722
7.977417
8.020222
7.992691
7.975248
7.990702
8.034925
8.000787
7.992280
7.989733
7.979830
8.002973
8.028393
7.968482
8.018078
8.027293
8.005182
8.017017
7.943808
8.027182
7.973967
8.043668
7.945583
8.037528
7.989527
8.031735
7.942982
8.050333
7.954776
8.033224
8.001865
8.005824
7.966446
8.025150
7.968968
8.035587
7.960310
8.051792
7.965875
8.020369
7.996574
8.020775
7.942648
8.034291
7.963997
8.041537
7.970782
8.035443
7.996182
8.008776
8.001234
7.938929
8.018017
8.059294
7.986990
7.956442
8.021548
7.974750
8.036943
7.946665
8.067918
7.941114
8.025736
7.974383
8.041002
7.984522
8.001330
8.022265
7.976617
7.999934
7.998672
7.984062
8.072021
7.987934
8.026914
7.973821
8.019766
8.000000
7.990040
8.026314
7.979296
7.931484
8.049342
8.039933
7.968193
7.999225
8.029436
8.003390
7.967576
8.001952
7.992050
7.955411
8.058883
8.000331
8.000836
7.998632
8.008229
8.029004
8.036336
7.957142
8.029684
7.983731
8.009222
7.953952
7.996618
7.978513
8.005670
8.020626
7.979497
8.007783
7.934542
8.058165
7.992711
8.037021
7.952120
8.003032
8.001965
8.041112
7.953416
8.085755
7.890814
7.968429
8.010542
7.997835
8.000078
7.987692
8.044199
7.989145
7.987379
7.967504
8.031858
7.964793
8.037993
7.973874
8.023796
7.974450
8.033631
7.974166
8.053539
7.954608
8.026245
7.953751
8.096710
7.893303
8.014440
8.005379
8.018528
7.995756
7.979238
8.012232
8.000023
7.994361
8.001074
7.976561
8.034045
7.967309
8.001689
8.034324
7.967601
7.989972
8.004641
7.997835
8.004817
8.014138
7.997865
7.989766
8.009667
8.028190
7.965337
7.988372
8.015596
7.996124
7.990830
8.031888
7.969561
8.009018
8.011050
7.992353
7.980958
8.026644
7.982783
7.992392
8.013031
7.989730
7.992896
8.008328
7.996002
8.013267
8.011902
7.980039
7.972607
8.013619
7.998261
8.016927
7.999927
7.993096
7.994597
8.020649
7.997049
8.022890
7.956270
8.040555
8.005244
7.969945
7.991223
8.029561
7.983962
8.026727
7.955238
7.998447
8.004850
8.026418
7.989063
7.981013
7.993275
8.139944
7.994728
8.065327
7.914073
7.973706
7.936403
8.029528
7.955801
8.069598
7.958886
8.017566
7.945345
8.054986
7.971111
8.015426
7.976452
8.007563
7.985452
8.037921
7.964737
8.029329
7.976137
8.023299
7.972896
8.016719
7.965191
8.077070
7.962513
7.984269
8.023290
7.960714
8.050569
7.969700
8.019226
7.978609
8.014710
7.978327
8.013733
7.989330
8.016665
7.989924
8.004420
7.978604
8.013929
8.005227
8.014414
7.976019
8.038596
7.974421
7.987102
7.995499
8.041588
8.004172
7.995062
7.952362
7.979453
8.042450
7.992347
8.014641
8.018839
7.969778
8.000540
8.056336
8.047952
7.987383
8.059852
7.925754
8.041617
7.974776
8.026213
7.952920
8.072982
7.787725
8.216770
7.976613
7.935106
7.988623
7.939127
8.030791
7.948009
8.044559
7.960287
8.042590
7.969979
8.033024
7.983176
7.993315
7.991847
8.008404
8.005910
7.992107
7.970572
8.065591
8.041453
8.078257
7.909073
8.050903
7.992985
7.997165
7.913464
8.054611
7.910828
8.096082
7.979434
8.017197
7.969222
8.011113
7.959103
7.997290
7.968848
8.010611
8.003016
8.006569
8.017901
8.046920
7.993169
8.017874
7.975898
8.015502
7.985617
7.952033
7.978725
8.008493
7.998241
8.004967
7.979857
7.998949
8.019508
8.001252
7.986725
8.024296
8.030913
7.946703
8.060286
8.002979
8.011540
8.013131
8.067809
7.858794
8.091613
7.993557
7.968376
8.032288
7.971028
8.010208
8.000260
8.006455
8.009351
7.973930
7.975430
8.043656
7.927556
8.044531
8.024457
7.968215
8.011458
8.026903
7.980457
8.021234
7.955478
8.010597
8.007263
7.994258
8.004737
8.034238
7.979581
8.018034
7.967175
7.991480
8.007005
7.998801
8.031003
8.022651
7.948299
8.022498
7.932300
8.052458
7.974505
8.110434
7.916868
8.048966
7.930797
8.074647
7.910656
8.094768
7.970259
8.001450
7.998365
7.985682
7.976445
8.050530
7.944541
8.068874
7.951059
8.069395
7.915391
8.069308
7.940849
7.971013
8.033975
8.025799
7.998761
8.001999
7.949583
8.048836
7.944421
8.074076
7.916217
8.047505
8.000342
8.025692
7.932648
8.066530
7.931237
8.075901
7.955638
8.042003
7.854787
8.121517
8.046218
7.923688
8.016483
7.968162
8.041576
8.005918
8.024609
7.959271
8.020163
7.991897
8.016142
7.965695
8.022448
7.951294
8.101249
7.915478
8.039279
7.965643
8.047575
7.957031
8.027292
7.939891
8.080389
7.939405
7.989378
7.996979
8.001195
7.955248
8.092751
8.024116
7.987705
7.942421
8.073568
7.899947
8.093906
7.919192
8.069744
7.960241
8.041081
7.953149
8.026861
7.950888
8.072827
7.955675
8.028533
7.894755
8.092469
7.950151
8.080315
7.826861
8.083061
8.002509
8.076249
7.938972
8.045033
8.002041
7.996056
7.952282
8.082281
7.826338
8.139818
7.855725
8.064967
8.039468
8.059524
7.931112
8.051031
7.935794
8.101826
7.930731
8.039311
7.971741
8.036666
7.842088
8.187975
7.836519
