13.818296
0.121372
0.110683
0.108119
0.108877
0.107866
0.106644
0.107043
0.107054
0.114057
3.535043
5.464415
7.769695
7.870590
7.911378
8.726988
7.523138
8.083723
7.579424
7.967432
8.719521
7.907176
8.148887
7.430515
12.677802
4.430335
7.205556
8.652550
6.868992
8.148653
8.529393
7.466623
9.625030
9.362842
4.820096
8.094269
7.884857
8.419335
7.934376
7.675693
8.250651
7.929276
7.955551
15.684419
0.254113
7.829122
9.053527
7.241385
8.037773
8.688756
7.165673
8.149661
8.316142
7.440770
8.171722
8.398944
8.644933
7.044842
7.756990
8.114301
7.863586
8.155489
7.921765
8.072535
7.881196
13.316980
2.975080
8.022902
7.606958
8.355320
7.766125
7.991232
7.981084
9.068255
8.007338
7.963727
7.058521
8.701367
7.943232
9.208141
5.923587
7.998176
8.465939
7.682234
8.143882
8.666395
7.062538
8.194475
16.129782
11.712049
0.210364
4.073618
7.921139
8.025011
7.918845
8.025961
8.067736
7.887386
8.073291
10.391350
5.492561
8.413299
7.623794
9.087611
6.904782
8.279485
8.115364
34.075393
0.213704
11.414127
0.172635
0.293704
1.510097
11.458532
4.487789
7.890797
8.021618
8.645631
7.311957
8.022145
7.974622
8.123391
7.890094
8.596453
7.737440
8.011468
7.784939
8.272533
8.689199
7.921759
11.684460
4.399722
7.230205
8.828960
7.265324
7.632392
8.063701
8.334682
7.834918
11.545836
7.480035
4.745295
8.012258
8.146223
7.865885
15.738309
0.205139
8.031218
19.104282
0.206108
4.609940
8.150652
8.299269
8.012844
7.558505
8.464022
7.901664
7.859691
8.265354
8.014433
7.619119
7.869695
8.019425
7.996679
8.484042
8.786962
6.785253
8.059031
7.908321
8.100881
8.236349
7.747956
8.048677
7.904914
8.756680
7.383840
7.848901
8.815900
7.803050
7.506457
7.922194
8.568225
7.435829
8.118264
7.977064
9.477295
6.616303
7.925437
7.923352
8.464352
8.317005
7.224340
8.170373
7.852741
8.112379
7.925965
7.941971
8.629681
7.295552
7.930950
8.368596
7.725815
8.179251
8.065349
7.711309
7.944925
8.456548
9.177500
6.937028
7.647341
7.830093
8.006733
8.132703
7.919259
8.064699
8.055870
7.966747
8.318557
8.300579
7.222535
8.401190
8.644498
7.098508
10.616652
5.714826
7.806385
7.961671
8.686333
7.236007
8.218059
7.580807
8.464630
7.648347
8.257558
7.978265
7.703260
8.080680
8.977707
7.024015
8.237136
7.630539
8.753319
7.296102
8.542676
7.516353
7.959929
7.970326
8.097482
7.908378
8.090213
8.305424
7.759524
7.767907
8.569238
7.558893
8.130832
7.898750
7.901538
8.258624
8.242872
7.435521
9.171826
6.748775
8.417154
7.816570
14.024803
1.836598
8.929305
7.169448
18.217647
0.184862
6.333718
7.558754
9.066773
6.657023
9.250114
8.152442
7.546465
8.007124
8.179034
6.974852
9.002356
11.304445
4.524862
8.100782
8.453022
7.563726
6.976167
8.178815
7.923013
8.653721
7.699734
8.865092
7.194123
7.736881
7.776759
7.904737
7.861025
8.418724
8.040414
7.893273
10.289011
5.890334
8.066489
7.864281
8.521440
8.294352
7.198512
8.957403
8.070182
8.466562
7.226752
6.978243
8.018629
7.981091
8.341256
7.693368
8.138899
8.054695
7.637749
18.181640
0.048828
16.747425
0.091026
5.618301
8.108747
7.772418
7.627205
7.911715
8.670013
8.498426
7.664700
7.675890
10.235848
6.932281
9.498084
15.931078
0.052670
4.972658
7.802605
9.658022
6.874806
8.503235
7.082942
11.527038
6.501063
6.611497
8.068094
8.264936
7.694669
8.001157
7.466120
8.190538
8.328224
9.783826
6.948538
6.606221
7.885570
8.046208
8.090252
8.089575
7.918437
7.887412
7.979504
17.436343
0.081762
11.058374
3.580983
8.920998
9.375629
5.783085
7.783890
8.474659
8.121212
8.569577
7.071151
7.668604
8.083514
7.961325
8.132848
8.509656
7.483939
8.359136
7.795769
8.018388
8.165854
7.613731
7.981085
8.154049
9.090188
6.810650
7.809795
7.964801
8.566473
7.414698
8.073728
7.937154
9.735700
6.480541
8.109165
7.717467
7.969423
8.208945
8.267270
7.557046
7.990525
8.215332
7.939514
8.179302
9.088322
7.654015
7.170205
7.982303
12.976376
10.315444
0.572298
12.135752
4.530775
11.157875
4.108987
7.983229
7.983809
8.588579
8.826303
7.036623
8.101881
7.546536
7.868213
8.019727
8.128619
8.776587
7.160039
14.386330
2.500462
7.090766
8.209115
7.936385
9.362888
6.719230
10.086234
5.869066
7.762735
8.052145
8.167228
11.004075
7.321731
5.644460
18.942658
0.082079
7.019220
6.517863
8.562192
7.033339
8.705558
7.006696
8.204580
8.705511
7.967726
8.848718
6.606145
8.098091
9.048740
6.983395
7.873594
8.154800
8.130971
8.736660
6.641082
9.068558
7.780639
7.930463
8.841739
10.370884
4.675805
7.409834
8.253720
8.808647
7.810227
7.616192
10.391831
7.274124
6.289059
8.827905
7.437300
7.778828
7.957796
7.607645
8.332293
7.948407
8.996076
6.854972
8.047554
7.771946
8.413447
8.635052
7.054587
7.903411
9.401230
7.652453
9.282509
6.459410
8.031006
8.233157
7.961188
9.992591
5.057622
8.329213
7.636687
8.448044
8.116874
8.993406
6.728301
7.505387
8.261596
9.529053
8.953995
5.581605
8.009362
8.808419
6.921813
9.894295
6.172929
8.459176
8.496560
6.926327
10.162425
5.898957
12.106569
4.306578
7.735474
7.849308
8.086549
8.109841
7.952779
7.806129
9.062916
7.767653
8.398306
7.028794
7.938046
7.897573
8.141508
9.076257
6.737570
7.913631
8.086158
8.021646
8.130548
8.278865
7.969818
9.584598
6.250521
8.195543
10.190284
5.771432
7.655069
7.874204
9.395423
8.805275
5.846893
8.496855
8.707705
7.775942
8.232090
6.997109
8.891575
7.127872
9.098583
7.331336
7.643290
7.640972
8.792062
8.527709
6.839462
7.813748
8.030726
8.167175
8.261314
7.714196
8.287389
7.607506
8.233854
8.203235
7.841513
8.090523
11.997016
3.786815
8.075016
7.749279
8.067623
7.905798
10.342565
6.464129
7.372748
8.206724
8.165177
8.455042
8.202170
6.770340
8.138292
7.994201
11.104218
5.563563
7.567550
9.903884
7.767726
6.608429
7.481204
7.908628
9.823112
6.332290
12.287032
16.135784
0.077993
5.001070
7.842795
7.284200
7.964830
10.014658
7.593371
9.324088
4.494383
12.416322
4.639369
7.802370
9.011801
6.717838
7.614554
7.894410
7.858072
8.261675
7.959276
8.120222
8.057392
7.588125
8.160753
8.499826
7.793222
7.850841
7.960115
7.624480
8.314289
7.711699
8.157693
9.881222
6.732707
7.276587
8.041875
8.391747
8.426788
64.339614
0.062147
0.079828
0.077602
0.077304
0.077099
0.097087
33.126163
36.029091
0.112226
0.106556
0.105731
0.105231
0.105976
0.105653
0.105407
42.692741
0.113670
0.107630
0.106051
31.964083
0.131346
0.109899
0.106800
10.302177
0.112998
0.137678
3.980263
7.506252
17.815960
0.112695
6.482944
11.514627
4.841900
9.636389
5.994203
6.923533
8.324007
11.435419
9.182089
6.716029
6.515054
6.713173
18.205276
0.086084
26.622197
0.089195
0.080863
9.978448
0.877938
10.259988
5.893002
13.188165
4.565620
7.957773
6.556448
10.502272
6.022535
8.416410
16.674560
0.045472
6.968295
6.080026
9.539505
7.299662
8.335578
7.791936
6.769897
9.527621
11.769080
4.295241
7.055122
7.871076
7.872158
7.690608
7.947996
7.981398
8.048912
7.939998
7.962101
9.997127
5.961170
8.044574
9.462596
6.659271
8.007826
9.135706
7.748956
8.603293
8.838312
8.310985
7.776919
5.538340
8.796144
7.300588
9.414328
6.828983
9.059160
8.940398
8.054282
6.706106
6.758200
9.292686
8.455145
6.306414
10.893830
5.826982
7.469921
8.150911
8.279734
7.430309
7.626460
9.068945
8.654535
7.517451
7.274438
8.035205
7.780692
8.223085
7.784396
9.907098
6.492055
7.712972
9.112936
6.692338
8.759246
8.193106
7.229786
7.823884
8.272065
8.025262
8.587219
7.366694
8.197804
7.923433
7.718309
8.166438
8.490888
7.589663
8.061044
8.854389
7.081473
9.153785
15.491681
0.851836
9.368692
7.614354
6.045951
10.252032
6.979637
6.105244
9.267338
13.159344
4.377506
5.169552
8.093671
9.731265
6.124496
9.766718
6.323084
11.156056
14.340594
0.123176
6.750711
7.745493
10.086614
6.029530
8.862800
6.808982
7.958707
10.323574
10.915024
4.796902
10.678364
6.757441
4.891399
12.294545
6.190366
7.215596
7.399510
6.824231
7.722939
7.961284
8.491591
7.820853
7.811738
8.017271
8.084701
7.837609
8.103779
7.853810
9.689902
6.265832
8.355559
8.173512
7.564715
10.761086
7.373790
5.843169
8.240713
8.016450
7.654964
10.838729
6.260532
7.969535
8.317591
7.840757
7.743294
7.344043
8.944041
7.082469
9.257344
7.272450
7.953893
11.556004
4.254562
8.472073
8.347914
6.918705
8.066787
8.067851
7.973346
7.979237
8.245261
12.057078
5.714041
7.747111
6.477016
9.864737
5.624376
10.152908
9.261004
5.812561
9.052784
7.166310
7.235259
12.270466
4.546723
6.655399
7.913791
8.689410
8.906296
7.352384
7.749031
11.287411
4.606723
8.450749
8.933174
12.276341
3.259841
19.289015
0.079351
3.261904
8.122673
8.024072
13.022561
4.744133
7.173772
8.701247
11.981716
3.653387
11.116511
10.795453
3.189176
5.436405
7.782548
10.066379
6.391070
7.433698
7.933845
7.899145
8.849435
10.161089
5.595675
7.917595
8.111830
7.735566
8.256405
7.853480
7.727305
8.011702
8.542285
7.578911
8.258484
7.904599
7.825129
8.147892
8.005072
7.755427
8.282137
7.665529
13.606936
2.527336
7.997225
8.631359
12.740261
2.746124
8.002882
7.935226
11.392241
4.694445
8.058945
8.377496
7.368011
8.393960
7.717996
7.947080
10.662814
5.610438
9.194330
6.456750
8.085444
14.981681
2.235808
8.981028
7.376090
9.010181
6.170449
9.061590
6.993789
9.165251
7.363396
6.581900
8.069891
7.946769
9.239354
6.638268
8.178605
7.877775
8.161405
8.389954
7.546951
9.177399
7.249057
7.794129
9.084524
7.272424
7.468551
8.736807
8.357853
6.959977
8.297024
8.089141
10.756334
5.358296
7.382002
10.769424
5.314685
7.857629
13.199037
9.455326
2.515338
6.905626
15.112609
2.491252
6.364065
10.445798
5.493357
8.028878
9.169639
7.283434
7.573589
8.154624
7.919985
7.793591
8.000041
8.100416
8.415952
7.630588
9.215836
7.580274
7.053361
8.282787
7.917491
7.789996
8.193358
7.779738
8.192944
8.304399
8.507418
7.066708
8.428833
7.783577
8.332213
7.781632
9.001484
6.816312
7.890159
8.131087
8.377213
7.498955
8.056016
8.349003
7.666467
7.814432
8.095757
8.050619
10.205550
6.281267
8.892553
7.687816
6.900276
8.309600
7.753033
8.565329
7.959999
7.476362
11.128193
5.266273
8.239131
16.124966
0.110639
8.963022
6.753976
13.358915
4.192723
7.649476
11.079949
4.138743
11.280574
6.920365
9.199587
5.522405
10.947650
3.106930
15.498547
3.957661
5.233602
7.598247
15.261690
1.001367
12.111145
4.264818
10.824633
5.604969
6.708395
9.511878
6.579708
7.966597
9.144042
10.476350
5.540210
8.694124
7.285014
10.062903
4.868824
9.255509
9.366976
5.164123
9.442621
11.470001
4.917728
6.514992
9.309545
7.629539
9.500993
7.951027
6.026090
7.822214
8.039831
7.536898
8.192321
8.074978
8.175734
7.410732
7.932688
15.748324
0.996993
11.823569
5.088533
7.671093
7.961292
26.058569
0.112895
1.307429
3.644123
8.460341
19.000937
0.112297
4.778389
7.503450
9.273648
9.171320
6.497857
9.574388
5.916653
11.117686
6.753140
7.241797
8.855540
5.416046
16.671763
0.078892
8.157438
7.065337
8.408369
8.306265
8.243599
7.860572
14.418461
1.811719
9.729502
12.689206
13.221924
0.079103
9.808844
2.318676
9.582643
9.054562
17.768425
0.111096
3.571570
12.746868
3.423371
9.908734
6.923366
8.570740
7.180087
8.005991
6.956341
8.258259
8.547524
10.551436
16.955390
0.117753
2.986898
11.165108
6.377211
7.071232
9.233084
9.610075
5.067310
8.586469
11.303733
3.927573
7.803339
8.518038
8.037692
8.862728
6.784191
9.018212
6.725146
10.283322
9.383034
4.605831
7.871671
8.162122
7.621040
7.867650
8.014109
8.063598
9.251323
6.752724
7.927827
7.942969
8.116833
8.297066
7.910008
7.645537
8.226606
8.208642
7.904520
7.942748
7.821149
18.709770
0.075566
26.048597
0.079718
0.078140
5.731402
6.714245
7.291215
9.311568
6.883346
10.091818
5.942911
7.225124
9.482856
7.947634
11.821282
3.286502
9.500563
7.209444
12.890981
3.638391
10.609399
10.596169
4.822072
6.124424
6.463926
7.675669
9.912693
6.020273
8.172932
10.005278
5.965201
7.658449
8.156460
8.158956
7.716966
8.140060
7.887524
8.180298
8.289907
9.486736
6.214320
7.924333
8.384777
7.537360
