7.869301
7.925834
8.223232
7.923757
7.942192
7.977825
8.028884
8.096121
7.915882
8.081723
7.957570
8.001332
8.023610
7.961193
7.996347
8.034923
7.967052
8.037664
7.994133
7.988479
7.989378
7.994346
8.057167
7.954833
8.017255
7.981908
7.986083
8.025309
8.013641
8.032848
7.947864
8.005091
7.986152
8.011253
8.124809
7.944766
7.976032
8.004735
7.993028
8.014612
7.997116
8.001579
8.001537
7.993235
7.977968
7.961537
8.055486
8.111241
7.980542
7.920587
7.996735
7.995940
8.000196
7.992468
7.992990
8.022849
8.000444
7.987948
8.010295
8.029732
8.056550
7.988051
7.931862
7.967137
8.002691
7.933584
7.985547
7.997074
8.017360
8.052202
8.030589
7.974720
7.918657
8.076337
7.925317
8.004326
8.002567
8.003041
8.004535
7.999912
8.001780
8.004336
8.044461
7.947976
8.064826
7.939403
8.041007
8.022990
7.991486
7.999149
8.069786
7.958655
7.978294
7.999181
8.013354
7.924740
8.061969
7.987428
8.019775
8.054585
8.012103
7.913651
8.079893
8.010088
7.990188
7.940242
7.999765
8.000038
7.999638
8.000830
8.005079
8.013281
8.014134
8.003886
8.043238
7.998927
7.990747
8.018951
7.989358
8.016286
7.986251
8.009077
8.177061
7.777712
8.013310
7.942349
8.021792
7.993132
7.956601
7.979439
8.077928
8.043892
7.982983
7.899990
8.056922
7.982677
7.974134
8.030358
8.074592
7.884309
8.023479
8.063812
7.971824
7.985944
7.942747
8.009890
8.120108
7.929079
8.026039
7.920677
8.078281
7.931355
7.995998
8.091029
7.980664
7.989290
7.941613
8.037830
7.966260
8.072559
7.927687
8.000006
8.082311
7.916593
8.014784
8.022399
7.955212
8.010452
8.001208
8.050189
8.047197
7.942037
7.929036
8.081961
8.023149
7.992100
7.944098
8.063721
7.936621
8.037624
7.957312
8.005497
7.981433
8.010893
7.996701
8.042409
7.962513
8.010917
8.116368
7.894046
7.985220
7.991693
8.046562
8.001280
7.960690
7.999798
7.987124
8.067142
7.967254
8.012695
7.958723
8.021125
7.976249
8.082767
7.891149
8.017575
8.091527
7.930984
8.053563
8.018673
7.925960
8.009196
8.025024
7.939585
8.065872
7.962844
8.024965
8.035663
7.944697
8.007026
8.061526
7.959401
8.068358
7.966894
7.937029
8.070911
7.926669
8.008771
8.061114
8.059518
7.891404
8.052132
7.937522
8.044121
7.950640
8.067673
7.977540
8.021537
8.010762
7.986864
7.988185
7.973929
8.023026
8.002443
8.009220
7.980645
8.019697
7.915258
8.071995
8.012333
8.010973
8.012448
7.934275
8.027549
8.014447
7.947792
8.056687
7.947688
8.123549
7.936262
7.993649
7.989432
8.023279
7.993967
7.993989
7.946624
8.014231
8.030935
8.007833
8.022425
8.053531
7.931229
7.937156
7.996250
8.005657
8.003658
7.997806
8.002873
8.001292
7.995653
8.071372
8.036930
7.962478
8.045974
7.983257
8.167168
7.855541
8.173335
7.782126
7.998646
7.987865
7.996045
7.993719
8.240431
7.760771
7.948694
8.015245
7.991774
7.977860
8.068061
7.974631
8.014338
8.015200
7.994416
7.991252
8.012652
7.954132
7.997776
8.008481
8.006610
8.020533
8.018076
8.012588
7.934013
8.070090
7.990013
7.936799
8.011394
8.066971
7.932363
8.045809
7.981425
8.018357
7.986497
8.071461
7.938157
8.021169
8.189522
7.819252
8.187766
7.835771
8.207767
7.957884
7.818382
7.937172
8.149845
7.863305
8.145785
7.917696
7.938634
7.972208
8.050342
8.297451
7.783893
8.066495
7.946020
7.984228
8.008057
7.995528
8.015424
7.943922
8.039598
7.997461
7.962620
8.043717
8.005530
7.991456
8.037412
7.963605
7.988870
7.970946
8.048400
7.998729
7.991614
8.005901
7.957997
7.998841
8.037625
8.016514
7.994453
7.993434
7.950393
7.979133
8.064189
8.030706
7.937131
7.936059
7.985905
8.019733
8.044222
7.978409
7.957287
8.025727
8.007782
8.008595
8.006781
8.010013
7.979628
8.005831
7.996518
7.992899
8.042179
7.986417
8.013508
8.013702
8.050967
7.983609
7.990555
8.003092
8.002785
7.982914
8.017148
7.991610
7.991002
8.021341
8.017095
7.981457
7.984114
8.005672
8.002962
8.003197
7.994948
8.147139
7.867505
7.988859
8.007886
7.994084
7.984383
7.994431
8.010560
8.011751
8.041931
8.058239
7.862070
8.020328
8.009440
8.025296
7.976668
8.012367
7.977533
8.002552
8.015508
7.995952
8.016657
8.149455
7.877996
8.057194
7.915300
7.966969
7.993977
8.020569
7.947645
8.003358
7.935044
8.026933
8.021080
8.012135
7.996179
8.019635
8.005274
8.000672
7.996347
7.991292
8.013735
8.058186
7.985584
7.967683
8.074068
7.907189
8.014831
8.005680
7.994461
8.023016
8.079103
7.985017
8.000565
7.969549
8.158139
7.719824
8.044702
8.014438
7.932791
8.002462
8.061283
7.992481
8.011174
8.051938
8.015238
7.989638
7.973385
7.999070
8.011574
7.997956
8.031450
7.967521
8.013655
7.990954
8.008637
7.987268
7.990350
8.047351
7.967206
7.994150
8.015807
8.013637
8.025759
7.956469
7.983658
8.092865
7.956824
7.969044
7.971592
7.935493
8.070625
8.004398
8.024144
7.875466
8.022181
8.003384
7.964057
8.062918
8.286778
7.907123
7.870209
8.021970
8.071204
8.022529
7.894453
8.101770
7.976602
7.786534
8.170682
7.903078
8.005435
8.007107
8.000553
8.051428
7.994760
7.987709
8.028998
7.993735
7.991727
8.001163
8.006611
8.012619
8.061210
7.917198
8.033568
7.952564
8.033108
7.964897
8.048189
7.963801
7.990741
8.025334
8.441380
7.590275
7.945924
8.009595
8.036863
8.066775
7.891351
8.018063
7.993185
8.004334
8.001444
8.052163
7.930362
8.021734
7.995448
8.033356
8.015408
7.978226
7.940509
8.027981
7.963413
8.004727
7.992996
7.992629
7.958389
8.076725
7.921165
8.088995
7.981752
7.931689
8.052392
7.977583
8.003043
7.971264
8.047004
8.013354
8.007179
7.964393
8.029835
7.980789
7.998704
8.036695
8.034789
7.991446
7.986388
7.968917
8.077198
7.968748
8.014005
7.981369
8.057885
7.934064
8.007674
8.030668
7.984866
7.987609
8.093296
7.907707
8.006283
8.025227
7.975082
7.991516
8.049179
7.932377
8.017951
7.989162
8.042708
7.948079
8.004724
8.016336
7.991567
8.011067
7.975124
8.041076
7.975573
7.935912
8.027859
7.987635
8.067441
7.998762
7.936717
8.119629
7.866680
8.016546
8.023397
8.017833
7.949053
7.970143
8.016937
7.981553
8.012467
8.085121
8.012950
8.070683
7.891751
7.987579
8.079748
8.029251
8.005614
8.044716
7.855732
8.057489
7.946094
8.004027
8.097939
8.014692
7.906341
8.017340
8.016970
8.126642
7.879433
8.024876
8.106795
8.090263
7.893626
8.097599
7.764352
8.025304
7.989099
8.251562
7.792477
8.107738
8.031278
7.831341
8.104620
7.981372
7.949665
8.112506
7.887741
7.969001
8.127100
7.820715
8.097801
7.939004
7.987365
8.000607
8.051431
8.006831
7.928864
8.035221
7.993299
8.046733
7.993473
7.915603
7.925495
8.131473
7.836365
8.059486
8.017424
8.052443
7.892656
8.082637
7.969230
7.992050
8.015561
7.967727
8.066106
7.955345
7.955600
8.040546
8.007086
8.014769
7.989163
7.975821
8.011463
7.998519
8.062556
8.030820
7.973840
7.993168
7.981674
8.111289
7.901010
8.016118
7.996328
8.009528
8.018777
7.939157
8.083759
7.909081
8.008307
8.053084
8.002290
7.976850
8.003051
8.004127
7.989078
8.036672
7.947082
8.016405
7.997848
8.004665
8.022883
7.972442
8.001098
7.998572
8.001139
8.015552
7.972869
8.031041
7.971232
8.019572
8.010626
7.985583
8.096006
7.847093
8.037227
7.909459
8.058904
8.007572
8.003350
7.930507
8.008415
8.078329
8.092426
7.919252
8.138450
7.797390
8.027147
7.988603
7.991543
8.033396
7.964579
7.985925
8.029552
8.037890
7.954208
8.090337
7.893949
7.975947
8.036032
8.019164
8.008991
7.964400
8.138781
7.936826
8.051139
7.997595
7.925262
8.050233
8.014086
7.948083
8.070005
7.933123
8.013274
7.985525
8.034781
7.945316
8.016821
8.006383
8.006281
7.998606
8.003834
7.997137
8.013232
7.981262
7.998939
8.049355
7.944831
8.000481
8.001226
8.007365
8.085665
7.935975
8.149217
7.851011
8.057893
7.941109
7.999471
8.010766
7.948171
8.000245
7.954983
8.010831
8.018554
8.008609
8.002592
7.990175
7.981381
7.984623
8.021317
8.012146
8.005881
7.996155
8.003955
7.979505
8.013617
7.989628
8.011386
7.981551
8.026880
7.957099
8.036794
7.984483
8.018376
8.035858
7.974662
7.977328
7.998914
7.993562
7.998118
7.987656
8.094747
7.978993
8.103087
7.927572
7.970127
7.977483
8.021292
7.990868
8.009705
7.982830
8.064902
7.959383
8.023761
7.938812
8.018987
8.064020
7.931625
8.092156
7.932101
7.986232
7.998453
7.982187
8.004026
8.059089
7.962431
8.016353
8.013811
7.996891
8.035853
7.980906
7.997640
7.905969
8.008519
8.010100
8.001834
7.997819
8.006210
8.009683
7.988080
7.976632
8.033971
8.001887
7.975996
8.015810
7.976408
8.015112
8.018445
8.002758
7.998102
7.956471
8.046035
7.997527
8.074679
7.934655
7.995690
7.994216
7.988588
8.013939
7.970262
7.984207
8.053401
7.969012
7.991739
8.021974
7.976521
8.023500
8.021611
7.989008
8.019435
8.139560
7.830879
8.019004
8.040053
8.026031
8.101779
7.840974
8.075376
7.951968
8.146508
7.845404
8.016724
7.956381
8.054940
7.988428
8.009446
7.983350
8.018373
8.047687
8.045410
7.877863
8.044755
7.996197
8.028789
7.979229
7.932560
7.990503
8.014064
7.992153
7.986342
8.090681
7.914870
7.999543
8.015386
7.992440
8.014778
7.978664
7.983071
8.023196
8.000980
8.002940
7.984091
7.995462
8.022413
8.000238
7.991208
8.017834
7.984686
7.998027
8.003391
8.006022
7.963041
8.040329
7.997853
8.008570
7.971470
8.010179
8.007228
7.999934
8.004287
7.996124
8.055667
8.019863
8.009608
7.960983
8.027938
7.921613
8.008008
8.009601
8.012310
8.035426
8.001094
7.988339
8.036813
7.973013
8.003784
7.986406
8.034415
7.974535
7.998054
8.000786
8.142274
7.859249
8.013978
8.054596
7.959891
7.986189
7.937725
8.003203
7.973678
8.028231
7.975190
7.979820
8.046256
8.002929
7.995889
8.005504
8.061041
7.930977
8.002718
8.000982
8.000336
7.992362
8.013266
7.997058
8.008618
7.992072
7.998805
7.998183
8.039854
7.962786
8.037779
7.950355
8.049835
7.934971
8.108572
7.915028
7.997870
8.002516
8.016230
8.034060
8.037959
7.965500
8.002932
8.109908
7.950359
7.936941
8.016699
7.992451
8.025665
7.970662
7.994385
8.009273
7.961882
7.969893
8.011986
8.006414
8.109631
7.950392
7.983587
8.018546
8.030044
7.977377
8.045414
7.997491
7.949044
7.994224
8.018625
7.999297
7.921609
7.997433
8.011366
8.006128
7.999741
7.980005
8.015080
8.001222
8.007839
7.991066
7.996828
8.010280
7.990427
8.002074
8.003604
8.007568
8.004202
7.984606
8.014229
7.998739
7.971292
7.999202
8.037978
7.985276
8.018437
7.981866
7.999698
8.000632
8.060919
8.022375
7.965622
7.997931
8.002535
8.019693
8.032685
7.976873
8.017450
7.951805
8.001561
7.998756
8.003782
8.013432
7.997937
8.001459
8.023654
7.962712
8.030001
7.984667
8.006608
8.013263
7.971799
7.993777
8.013106
8.035020
7.966203
8.001737
8.001253
8.026007
7.998993
8.028587
7.967243
7.948596
7.991155
7.965777
8.019214
8.008761
8.002020
7.983481
8.006147
8.015190
7.990713
8.001873
8.014851
7.996104
7.994028
7.971877
8.025589
8.001771
7.993620
8.001546
8.003621
8.012637
7.975837
8.011451
8.040915
8.013543
7.987109
8.001078
7.998671
8.021033
8.005779
7.991391
7.988363
8.003119
8.012560
7.979624
8.020817
8.048233
7.938787
8.006025
7.995041
8.006357
7.989539
8.016009
7.991539
7.992720
7.999045
8.001862
8.078819
7.942958
8.005674
7.975452
8.001148
8.013311
8.248579
7.771879
7.982389
7.993173
8.013186
8.114896
7.903471
7.980999
7.993711
8.008246
8.001694
7.926885
8.017830
7.991873
7.998486
8.025939
7.982030
8.010000
7.985554
7.994406
8.007233
8.007702
7.989960
8.006000
7.992717
8.011766
8.002462
7.985183
8.003963
8.000902
7.997590
7.995176
8.001208
7.984073
8.015289
8.021484
8.025354
7.969917
7.976361
8.017726
7.997170
8.003475
8.001058
8.044105
8.043065
7.965883
8.002619
7.999754
7.959145
8.069866
7.917441
7.998918
8.085008
7.996913
7.996897
8.015628
8.021279
7.972981
7.991658
7.991465
8.003001
7.938451
7.993652
7.999011
8.001957
8.057663
8.006589
7.984899
8.009874
8.182572
7.836322
7.978588
8.036585
7.943757
7.969440
7.967002
8.049584
8.054296
7.999512
7.928964
8.010795
7.983478
7.985696
8.012709
8.046947
7.968098
7.998591
7.988920
8.009514
7.992211
8.000648
7.998063
8.001392
8.000105
8.003303
8.055890
8.023197
8.008228
7.987966
7.980497
8.060504
7.938044
7.999759
7.997974
8.015915
8.019746
8.021793
7.979583
8.002315
7.966370
8.035669
7.979356
7.982895
8.030985
7.971983
8.054448
7.977503
7.974207
8.042524
7.949628
8.004264
8.012398
8.036576
7.946713
8.049124
7.967196
8.004811
7.987083
8.001995
7.997536
8.035739
7.976368
