7.661021
7.929419
7.978241
10.213447
5.930049
7.903017
8.013207
8.035508
8.104465
8.007699
7.933991
8.029080
7.992623
8.004069
8.002788
8.036112
7.934273
7.947247
8.091636
8.039478
7.978779
8.082582
7.872056
7.999939
8.029062
7.970359
8.052787
8.192865
7.791433
8.166150
7.949877
7.900035
7.980240
8.037930
8.061880
7.918189
8.064297
7.972005
8.007268
8.007986
8.125422
7.928627
8.053449
7.956326
7.939968
8.129319
7.877942
7.962326
8.234636
7.806664
8.001486
8.093619
7.961196
7.971603
8.010182
7.938569
8.113059
8.055716
8.054337
7.766072
8.017643
7.927046
8.432641
7.671251
8.064920
7.870208
8.024567
7.936395
8.054657
7.945463
8.050200
8.013896
7.952894
8.012273
8.017185
8.008113
7.960013
8.010105
8.010086
8.010143
7.989855
7.994546
8.010565
7.988341
8.007573
7.988783
8.013054
7.999761
8.007622
8.015855
8.000459
7.962806
7.993763
8.010020
8.020482
7.987734
7.985691
8.025490
7.998227
8.028266
7.955246
8.027221
7.983596
7.991369
8.016364
7.978111
7.995200
7.997057
8.019076
8.011852
7.986451
8.002880
7.953377
8.096420
7.920675
7.989738
7.986138
8.062003
8.092751
7.968161
8.870744
7.203450
7.959986
7.920422
8.662500
7.459978
7.875928
8.001268
7.990930
8.048352
7.947880
8.264462
7.695812
8.006268
8.027821
8.006988
8.086593
7.911581
7.998254
8.131102
7.861418
8.011363
8.219951
7.806167
8.014635
8.026434
8.123974
7.938761
7.892922
8.116099
8.058339
7.991726
7.877532
7.943517
8.003506
7.990138
7.996473
8.049276
7.954731
8.023162
7.985352
7.990043
8.018227
8.024747
7.954721
8.011892
7.989042
8.459841
7.630795
7.928637
8.008520
7.982884
7.992197
8.006715
8.012681
7.987845
7.991766
8.007104
8.010266
8.012438
7.983126
7.991990
8.011164
8.011210
7.978144
8.016771
8.005848
8.144585
7.900345
7.959374
8.030441
7.956540
7.956050
7.991921
7.999296
8.074190
8.009630
7.985516
7.983313
8.034925
8.090949
7.891901
7.994288
8.013831
7.992443
8.000426
8.004305
7.991939
7.989108
8.030521
7.982478
8.028094
7.978080
7.977528
8.017877
8.075755
7.915488
8.072546
7.921726
7.978297
8.051373
7.971183
8.084210
7.955835
7.969625
8.036097
7.967881
7.972987
8.001802
8.019488
8.004341
8.000347
7.984493
8.003843
8.046499
7.913524
8.048483
7.980546
8.034431
7.977000
8.039852
7.964478
8.019538
7.974125
8.026113
7.933267
8.054725
7.979905
8.006860
8.188121
7.847325
7.992635
7.977647
8.005974
8.001580
8.009180
7.981015
8.048248
8.143432
7.829266
8.085414
7.938557
7.975222
8.006649
7.993821
7.979976
8.014324
7.948059
8.054282
8.006506
7.987531
8.083144
7.924160
7.989049
8.009876
7.999621
7.992034
8.000951
8.010742
8.040500
7.965455
7.993471
8.058853
7.916185
8.044210
7.977676
8.004964
8.007359
8.023289
8.038658
7.932243
7.988602
7.961230
8.063813
7.984374
7.998651
8.050909
7.945386
8.013308
8.009088
7.981260
8.020945
7.999083
7.992106
7.993454
8.014615
8.069273
7.933428
8.018425
7.993447
7.971922
8.025919
8.376255
7.654694
7.985599
8.101218
7.883148
7.959243
8.024249
8.034444
7.974453
8.013476
8.028711
7.942167
8.017985
8.015130
7.996079
7.984500
7.981120
8.046878
7.971905
8.023847
7.978669
8.026736
8.014510
8.036816
7.924265
7.999696
8.015985
8.058601
7.931121
7.975059
8.054893
7.949682
8.005268
8.004015
8.000998
8.001028
8.018849
7.992344
7.994257
7.994213
8.010724
7.952148
8.044408
7.997631
7.998071
8.019407
7.998101
8.026672
8.064665
7.903839
8.049360
8.045550
7.902582
8.114530
7.956841
8.000079
7.976382
7.955738
8.006321
8.022904
7.994080
7.989231
8.143207
7.921425
7.943788
8.007083
7.974290
8.021833
8.003574
7.974051
8.042738
7.985759
8.026126
8.121519
7.855726
7.982514
8.057420
8.007010
8.092700
7.850906
7.949321
8.057809
8.037872
7.969753
8.036863
7.942269
8.037251
7.973612
8.187005
8.063876
7.856283
7.921938
8.001342
7.983837
7.970322
8.351107
7.680058
8.001270
7.970615
8.020443
8.159327
7.907719
7.957528
8.013775
7.967682
7.989076
8.031175
7.974991
8.018752
7.980147
7.988358
7.986269
8.151966
7.876987
7.982441
8.017627
7.996760
7.982617
8.014653
8.071385
7.963755
8.012065
8.099621
7.868639
8.023505
8.119994
7.967203
7.867671
8.156791
7.858014
8.049286
7.932600
8.035863
7.963626
8.006185
8.002995
8.061820
7.951322
8.005191
7.977503
7.999580
8.004727
8.028509
7.980013
7.981676
8.011490
7.985154
8.006771
8.015967
7.977162
8.020313
8.003082
8.002825
8.115243
7.894925
8.008103
7.970251
8.029507
7.908272
8.040996
8.018778
8.009843
8.003216
8.052962
7.909671
8.015080
8.002070
8.119946
7.872387
7.990394
8.014194
7.990710
8.143513
7.922588
8.050330
7.870939
8.031864
7.978938
8.036022
7.998807
7.990030
7.978158
8.051695
7.964508
8.144999
7.868538
7.982617
8.777613
7.259667
8.065705
7.895960
8.001426
8.011218
8.152373
7.827567
8.024548
8.078017
7.916729
7.982076
8.042445
7.976204
7.994337
8.029397
7.982936
8.102737
7.904825
7.979283
8.009224
7.978305
7.953474
8.035716
8.140186
7.901563
7.990289
8.013276
7.976329
8.145347
7.849707
7.983427
8.037586
8.194779
7.850245
8.009788
7.962685
8.113362
7.857499
7.985914
8.116046
7.893164
8.096196
7.917923
8.104820
7.923659
7.956525
8.050236
8.087118
7.860310
8.050904
7.988298
8.074907
7.944470
7.990085
8.011228
7.940684
8.102074
7.911370
7.995094
8.100592
7.868370
8.062004
8.114137
8.021742
7.869870
8.005184
8.053814
7.916269
8.088050
7.937006
7.965470
8.033345
8.099148
7.978927
7.925199
8.037790
8.012003
7.963562
7.953908
8.086109
7.973709
8.013784
7.916578
8.075014
7.904377
8.161723
7.846942
8.141728
7.949642
7.993826
8.006135
8.001400
8.005231
7.957065
8.012654
7.934729
8.106169
7.916066
8.092772
7.942457
8.071329
7.966108
7.950570
8.033247
7.960966
8.064502
7.990454
7.960570
8.007508
8.015474
7.979515
8.034885
7.976404
7.955185
8.092280
7.967913
8.122169
7.854213
8.024027
7.989609
7.968741
8.018788
7.974574
7.997868
8.152091
7.960880
7.947553
7.949941
8.077944
7.928125
8.031300
7.992932
7.964943
8.035688
8.009427
7.993356
8.044355
7.942689
7.997005
8.005652
7.995556
7.998454
7.995732
8.023172
7.987472
8.072563
7.933457
7.979493
8.065724
7.988040
8.076583
7.867455
8.061647
7.910565
8.021472
8.004398
7.980980
8.098753
7.949568
7.989756
7.971665
8.046256
7.968802
8.082944
7.937146
7.991958
7.944113
8.124538
7.909050
8.013162
7.991493
8.118482
7.893249
8.113526
7.915540
7.968600
7.984571
8.004717
7.998344
8.000951
7.997469
8.076623
7.924960
8.001411
8.017333
8.065888
7.938479
8.129608
7.938290
7.928090
8.020243
8.065626
7.956188
8.004774
7.980037
7.980709
8.060208
7.947037
7.976887
7.999025
8.018576
8.102017
7.900400
8.086444
7.996283
7.950271
7.940109
7.994038
8.014351
8.033755
7.952951
8.016272
7.986419
8.014407
8.008923
8.004656
7.983882
8.007905
7.979891
8.051888
7.957915
7.996307
7.973360
8.022278
8.056591
7.952278
8.009441
7.992527
8.173488
7.986394
7.851414
7.995560
8.006687
7.991591
8.025097
8.093037
7.877204
7.995962
8.003255
8.007409
7.996897
7.995587
8.014333
8.004637
8.021752
8.051322
7.916133
8.009937
8.004925
8.140854
7.890361
8.066054
7.907668
7.978661
8.002030
7.999981
7.998324
7.999253
8.013129
8.014012
8.108448
7.869893
7.998716
7.998271
8.014613
8.000108
8.097636
7.895397
8.084828
7.982242
7.935188
8.089597
7.960378
7.958973
8.000976
7.998854
8.002828
7.997011
8.105506
7.899480
8.011663
7.986857
8.108969
7.898949
7.979946
8.106366
7.921439
7.966407
8.005313
8.006094
8.104955
7.929191
7.963581
8.089340
7.911664
8.059718
7.939601
8.091804
7.931185
8.026327
8.003861
7.948071
8.049369
7.990412
8.005620
8.002699
8.046672
7.959286
8.101057
7.866640
7.974334
8.017217
8.294245
7.738431
8.009842
8.003853
8.016731
7.938004
8.014630
8.029644
7.969977
7.986594
8.111921
7.885798
8.073520
7.971232
7.989300
8.002653
8.005399
8.013053
8.015102
7.954292
8.016363
8.008582
7.974772
7.976893
8.002047
8.108872
7.942631
7.985520
8.059138
7.921288
8.007778
8.030525
7.950824
8.083821
7.976214
8.012979
7.960414
7.996376
7.971991
8.102835
7.898082
8.014803
8.103798
7.920944
7.985281
8.016572
7.959875
8.110673
7.924453
7.966357
8.082161
7.964623
8.089673
7.883690
8.040551
8.061558
7.939548
7.976627
7.991485
8.093364
7.928831
7.961591
8.117538
7.905809
8.001304
7.967167
7.997930
8.027900
7.984318
7.998314
7.993720
7.999189
8.007791
8.007001
7.998384
8.032580
7.982132
7.997448
7.995663
8.023672
7.980703
7.997437
8.122775
7.877151
7.992052
8.098300
7.905451
8.018819
7.992884
8.000555
8.008915
7.978681
8.003762
8.007683
7.991619
8.012116
7.987199
8.009337
8.006503
8.001285
7.988748
8.003440
8.006538
7.987046
8.005121
8.057107
8.009301
8.063012
7.859407
8.018481
7.988152
8.008755
7.979411
8.002415
7.997169
8.002328
8.013988
8.014815
8.112749
7.878324
8.012920
7.985685
7.997960
8.116928
7.889059
8.156249
7.913736
7.954184
7.998257
7.997366
7.977599
8.087880
8.021136
7.972142
7.948776
7.975502
8.116971
7.895648
8.016125
7.981260
7.990146
8.240170
7.789705
8.006085
7.992909
8.032356
7.950329
8.126351
7.867306
7.986981
8.126450
7.889052
7.997058
8.017707
7.982686
8.005605
7.993923
8.015867
7.978273
8.093378
7.930513
8.105050
7.883889
8.110652
7.917400
7.958197
7.999306
7.995307
8.014110
7.993954
8.003115
8.102987
7.896167
7.997399
8.093802
7.910071
8.076104
8.064495
7.864006
7.994147
8.004439
8.034237
8.008088
7.976129
7.985389
8.108303
7.884691
8.222934
7.882327
7.932644
7.998939
7.998609
8.009437
7.964129
8.005362
8.005723
8.112075
7.935881
7.960488
7.983232
8.094254
7.907187
8.089859
7.985576
8.039441
7.886168
8.139977
7.917847
7.985059
7.966032
8.101979
7.916927
8.061246
7.909482
8.098719
7.945351
7.971533
8.012786
7.981355
8.012183
8.087264
7.903450
8.071640
8.045646
7.918573
8.112455
7.898341
8.009969
7.988860
7.975287
8.116389
7.880583
8.117145
7.880622
7.995563
8.433186
7.634904
8.031293
7.953232
7.968130
8.051011
7.883811
8.008711
8.054813
7.970322
7.997481
8.083752
7.926065
7.985590
8.010011
8.142928
7.874116
8.018432
7.973216
7.997278
7.998629
8.130749
7.910122
7.982059
7.983050
8.015651
8.088004
7.895868
8.029142
7.980834
8.006989
7.993517
8.014947
8.127019
7.867152
8.080080
7.935159
7.999533
8.092484
7.925841
8.179875
7.913724
7.911695
7.974371
7.994252
8.014114
7.979358
8.006631
7.992712
8.000793
8.003493
8.002092
8.018124
8.105195
7.895429
7.985589
7.989857
8.121814
7.886366
8.002654
8.002839
7.992299
8.107182
7.906703
8.011025
7.995012
8.150312
7.909018
7.933188
7.989677
8.008218
8.010532
8.004435
7.988061
8.007625
7.995160
7.994945
8.524015
7.501778
8.090673
7.890633
8.084469
7.912512
7.994043
8.002996
8.011821
7.981617
8.016900
8.045011
8.048261
7.976365
7.939953
7.997962
8.144241
7.866017
8.031627
7.944679
8.007387
8.113632
7.885094
7.991069
8.022658
7.997757
7.984024
7.995044
8.026461
7.977348
8.022095
8.107335
7.942179
7.936567
7.993619
8.018069
8.053835
7.941406
8.001207
8.001571
8.009334
8.164612
7.835092
8.002693
7.983964
8.017111
7.991406
8.080401
7.917870
8.005637
8.173274
7.877790
7.964470
8.236812
7.840410
7.963943
7.946302
8.154381
7.858541
8.075850
7.955748
8.086753
7.894202
8.134498
7.920216
8.011627
7.943884
7.957054
8.104730
7.904100
8.025231
8.059875
7.933594
7.976463
8.086286
7.936591
8.020813
8.032066
8.002687
7.984550
7.975524
8.050872
7.915272
8.110901
7.911521
7.974827
8.094177
7.969325
8.051599
7.903534
8.071916
7.976155
8.041943
7.928149
8.025288
7.976410
8.235845
7.788853
7.996458
7.972105
7.983124
8.016346
8.000662
8.035773
7.998916
7.941389
8.012687
8.118061
7.863545
8.022214
8.092666
7.899008
8.025119
7.929224
8.105699
8.013705
7.910537
8.038810
8.083010
7.943236
7.981280
8.080714
7.889877
8.010513
8.036415
8.127044
7.862089
7.974967
8.101255
7.918117
7.988237
8.102341
7.904950
8.020659
7.961433
8.109978
7.889055
8.011407
7.977400
8.178427
7.855889
8.034262
7.924981
8.125028
8.046671
7.945207
7.904236
8.005665
8.127516
7.880179
8.006648
8.118039
7.943943
7.964823
7.973890
7.994598
8.102602
7.893785
8.002242
8.107842
7.896426
7.998459
8.101082
7.890236
8.089863
7.915999
8.091233
7.936188
8.051247
7.930581
8.079408
7.989220
7.927042
8.220525
7.807645
7.974958
7.981507
8.021311
7.984033
8.003339
8.015216
8.095816
7.866071
8.020648
7.998972
8.004385
8.003136
8.011772
