7.918317
7.993560
8.049144
8.008767
8.029322
8.002828
7.990505
8.019592
8.015508
7.979502
8.068421
7.961257
8.046959
7.968319
7.980831
8.039287
7.900798
8.001760
8.028413
7.955633
8.028886
7.967632
8.036198
7.981386
7.999689
7.995322
7.981019
8.007559
8.022054
7.993801
7.977894
8.011003
7.997497
7.993299
8.013972
7.991411
8.015154
7.979204
8.024519
8.007509
7.962893
8.005645
7.997790
8.010710
7.994937
8.002436
8.013992
7.988631
8.040160
7.971464
7.987809
7.986442
8.016014
7.987595
8.010635
8.004504
8.001567
7.987370
8.041211
7.951714
7.998396
8.009281
8.022234
7.885286
8.043447
8.059976
8.004576
7.998291
8.007252
7.975840
8.011091
8.003745
7.981043
8.008455
8.020855
7.968010
7.999157
8.003047
8.009149
7.984833
8.010562
7.993419
7.994031
8.009943
7.987387
8.018816
8.002509
7.984907
8.041252
7.975264
7.994942
8.002492
8.004098
7.990438
7.982386
8.008897
8.014383
7.987779
8.032764
7.967338
7.986199
8.028129
7.973045
8.003854
8.026880
7.978451
8.020330
8.020857
7.870492
8.039006
8.057491
8.022183
7.990354
7.986391
8.023962
7.978289
8.011000
7.971433
8.025520
7.989347
7.981340
8.034367
7.968591
7.999517
8.001249
8.017331
7.979025
8.025878
8.021711
7.969821
7.984916
7.997806
8.020605
8.018912
7.975812
8.005438
7.975664
8.000927
8.032213
7.967042
8.014147
7.989956
7.996522
8.032251
7.979716
8.006286
7.983111
7.996056
8.028150
7.987258
8.000532
8.020935
7.975902
7.999376
8.005283
8.008256
7.999129
7.978822
8.024366
8.037738
8.015806
8.022746
7.963563
7.977352
8.039790
8.002740
7.986266
8.022204
8.008230
7.967858
8.026519
7.995206
8.009854
7.995493
7.978201
7.986472
8.011243
8.018700
7.986314
7.990582
7.997813
8.013840
7.997358
8.024393
7.977194
7.981824
8.025155
8.026332
8.019122
7.872065
8.074044
8.027863
7.955045
8.004099
8.024620
7.965128
8.023468
8.028760
7.963410
7.994207
7.985489
8.023713
8.005121
7.947902
8.047898
7.998877
8.005459
7.991426
8.025909
7.951918
8.015506
8.006393
7.988910
7.999267
8.030991
7.998094
7.966556
8.008834
8.006539
7.998961
7.956138
8.018151
8.038172
7.959820
8.030210
7.970858
8.020287
7.986272
8.011575
7.982653
8.026644
8.005112
7.939922
8.028097
7.973509
8.006455
7.985350
8.001904
8.006871
7.975812
8.021336
7.978342
8.027674
7.961730
8.028305
7.965719
8.009603
8.003406
8.006409
7.987941
8.034619
7.987830
7.970135
8.011347
8.001717
8.013803
7.974774
8.009076
8.031339
7.954649
8.005529
7.998606
7.999969
8.030450
7.977489
7.986851
8.007318
8.000938
8.041906
7.957761
8.019532
7.986652
8.004691
8.001696
7.989218
7.995286
8.000033
8.013634
7.998488
7.988202
7.995785
8.004167
7.991936
8.001843
8.007349
7.987761
8.009430
7.996566
7.975537
8.030947
7.986764
8.020660
7.991794
7.998252
7.989691
7.998480
8.018154
7.967063
8.037316
7.989533
7.992521
8.022649
7.973143
8.016587
7.993305
8.068356
7.931893
7.991586
8.017596
7.986736
8.002654
7.994823
8.004444
7.990800
8.012009
7.990837
8.000223
8.007870
8.023764
7.971966
8.005058
8.004579
7.983600
7.994817
8.000853
7.999524
8.009287
7.991000
8.020318
8.003387
7.976928
8.012212
8.003968
7.981090
8.000729
8.000037
8.005252
8.005879
8.008464
7.979783
7.997322
8.003326
8.011962
7.990944
8.004373
7.999238
8.002738
7.991764
8.015109
7.980525
8.004571
8.004686
7.991975
8.009010
7.992384
7.998921
8.014351
7.981300
8.023046
7.978318
8.010074
8.002296
7.993169
8.021837
7.987485
7.993223
7.998404
8.005999
8.017076
7.976600
8.000360
7.999245
8.003414
8.009300
7.985845
8.016776
7.978204
7.998322
7.997407
8.003399
8.015292
7.997774
7.988528
8.014698
8.026737
7.963756
7.996082
8.020224
7.975244
8.008696
8.005471
7.996554
7.991669
8.014009
8.001332
7.980130
8.002831
8.001358
8.013260
7.991717
8.003317
7.983684
8.003382
7.995880
8.016586
8.020353
7.970958
7.998787
8.012830
7.986392
7.993981
8.002316
7.998225
8.020850
7.999456
7.991840
7.996091
7.999487
7.987256
8.007641
7.997327
8.002738
7.993229
8.007715
8.016135
7.986062
7.999270
8.001079
8.001738
8.005414
7.999898
7.991486
8.004431
8.007512
8.005899
7.979140
7.999262
8.000303
7.997847
7.997377
7.993748
8.023671
7.965798
8.018612
8.016858
7.975683
8.006130
7.998730
8.002358
8.002727
8.018864
7.970156
8.007149
7.990511
8.023435
7.984085
8.029390
7.965676
8.002412
8.005294
7.988744
8.002604
8.000827
7.998632
8.015518
7.982665
8.008087
7.990383
8.001693
8.006616
7.999694
8.000871
8.013803
7.985290
8.025113
7.997056
7.975040
7.991664
8.001953
8.003677
7.995007
8.006324
8.002360
8.000988
8.032626
7.982482
7.977098
8.004719
8.004776
7.994426
7.997728
7.994494
8.009774
7.988059
8.021545
7.980406
8.013326
7.984243
8.004324
7.993702
8.017034
7.990430
8.002696
8.005359
8.043236
7.954054
7.998526
8.013371
7.980824
8.002087
8.003721
7.997424
7.997644
8.009885
8.001256
7.989153
7.991704
8.000708
8.009452
7.999996
7.999229
8.011584
7.989807
8.011341
8.007180
7.976463
8.021329
7.982677
8.005086
7.991063
8.013246
8.006566
7.989840
7.990523
8.014382
7.980126
8.039394
7.958544
8.032290
7.981737
8.005009
7.982094
8.005785
7.994950
8.013992
7.980684
8.006293
8.002959
8.004117
7.984876
8.002794
8.024967
7.976945
8.001940
8.029313
7.981468
7.983478
8.003788
8.006198
8.008265
7.988811
7.991140
7.999714
8.004410
8.073122
7.922504
8.009096
7.988569
8.008783
7.996977
8.002582
8.002693
7.995737
7.999308
8.018802
7.981451
7.992191
8.004719
8.002134
7.994429
8.001843
7.915107
8.017936
8.083807
8.022735
7.971561
7.992024
7.996412
8.000524
8.012931
7.980713
8.020458
7.983220
7.997363
8.018355
7.980694
8.014180
7.989752
8.005589
8.001426
7.995006
8.001201
8.005973
7.996148
8.015550
7.973593
8.002865
8.004871
7.992417
8.003793
7.998010
8.000116
7.994205
8.000423
8.027835
7.986159
7.986180
8.006811
8.025110
7.990915
7.985875
8.000693
7.989374
8.009579
8.013291
7.982409
7.994365
8.006900
7.994012
8.007645
7.992404
8.007420
7.999977
7.999039
8.018850
7.987332
7.995552
7.994453
8.001770
7.991544
8.016235
7.984784
8.009139
8.005136
8.002651
7.983708
7.996597
8.006582
7.993668
8.005681
7.999272
8.003240
7.995196
7.993786
8.030059
7.981677
7.994006
8.004738
7.990701
7.999163
8.004666
8.001965
7.997030
8.000568
8.014435
7.985854
7.996641
7.996609
8.022533
7.976264
8.006177
7.994542
7.997555
8.011757
8.011900
7.980813
7.998664
8.002454
7.996097
7.998701
8.023323
7.977062
8.012601
7.988944
8.018376
7.979598
8.033428
7.970049
7.994744
7.998875
8.008320
7.996671
8.003022
8.002912
8.024591
7.981770
7.988696
7.997307
8.009307
8.001620
7.991104
8.020484
7.991322
7.986777
8.013260
7.997680
7.983532
8.018814
7.981059
8.005718
7.995268
8.003321
8.015979
7.978536
8.028584
7.972030
8.005449
8.005777
7.998126
8.011178
7.997047
8.007664
7.970947
8.000783
8.023120
7.977139
8.005919
7.992865
8.002211
8.002084
7.998587
8.000085
8.007877
7.987692
8.022168
7.977079
8.008372
7.995002
8.002451
7.994938
8.019214
7.993545
7.984356
8.012274
8.024690
7.966136
8.007309
7.996687
7.993920
8.064359
7.935855
8.004966
8.008947
8.009683
7.989685
7.985281
8.048927
7.951979
8.014850
8.003958
7.983946
7.996694
8.000146
8.002288
7.996292
8.014350
7.989673
7.991587
7.999927
8.031132
7.976719
7.990994
8.004334
8.014939
7.988292
7.991802
7.999536
8.016331
7.991164
8.066432
7.931485
7.998117
7.995052
8.001869
8.006261
8.011690
7.994896
7.991362
7.993465
8.021277
7.978961
8.027575
7.971515
8.036097
7.962050
8.008204
7.995763
8.000030
7.995539
8.018140
7.983249
8.022815
7.976454
7.997637
8.017078
8.019085
7.975868
7.987034
8.004553
8.022511
7.975246
8.001312
8.009494
7.987875
8.005006
8.001224
8.001837
7.998383
8.002316
8.006683
7.990586
7.996676
8.011405
8.003247
8.002958
8.020021
7.957698
8.008350
8.007170
8.002336
7.983627
8.002359
8.016671
7.974168
8.012387
7.997606
7.996192
8.009109
7.990558
8.015150
8.001921
7.982208
8.019891
7.992317
8.000537
7.999726
8.007585
7.978550
8.005339
8.012294
7.988313
7.989247
8.022672
7.975217
8.006961
8.017992
7.995995
8.010803
7.978253
8.023657
7.973369
7.995689
8.003295
8.017378
7.981727
7.996683
8.012142
7.992790
8.000419
8.014287
7.997636
7.989813
8.001609
7.997211
8.007297
8.004896
7.982623
8.003765
7.992826
8.021558
7.992828
7.981457
8.012908
7.998652
7.996621
7.955190
8.041653
7.998455
7.995781
8.035964
7.964098
8.023980
7.984295
8.007278
7.999162
7.993574
8.005438
8.003709
8.006242
8.005025
7.966724
8.008855
8.002341
7.999339
7.996348
8.005863
8.014969
7.995219
8.021344
7.984399
7.971275
8.002858
7.999687
8.029055
7.967653
8.009157
8.005945
7.993373
7.994798
8.031369
7.968632
8.005817
8.005091
7.984405
8.014439
7.994716
8.015956
7.986349
8.003228
8.015412
7.982216
8.001938
7.998247
7.986325
8.019131
8.000093
7.997132
7.991426
7.995654
8.016118
7.977414
7.999113
8.000739
8.012315
8.007130
8.023221
7.982548
7.974673
8.011748
8.018459
7.974750
8.007989
7.996221
8.012193
7.996842
7.991022
7.997118
8.007170
7.994700
8.009862
7.983017
8.006453
8.006579
7.982259
8.015736
8.005842
7.982563
7.997429
8.022035
8.014152
7.959405
8.003551
8.019371
8.005627
7.983397
8.022196
7.975595
8.001332
7.999938
8.014068
7.979644
8.002897
7.994570
8.018431
8.001615
7.976302
8.014254
7.987111
8.001152
8.024862
7.973721
8.014582
8.014608
7.982937
8.000055
7.994651
7.997963
7.995053
8.016529
8.002909
7.977515
7.996619
8.000796
8.017418
7.985723
8.015854
7.999817
7.981444
8.007755
8.028413
7.967285
7.996150
7.997506
8.006237
8.020275
7.990579
7.993401
7.991580
8.019655
7.998788
7.983384
8.024815
8.005877
7.977631
8.008657
7.994587
7.984954
8.013918
8.007581
7.995938
7.986823
8.001821
8.017365
8.006592
7.976722
8.067382
8.021450
7.997914
8.002026
7.987386
7.973331
7.999353
7.961173
8.051616
7.990028
7.997373
8.053785
7.945125
8.000217
8.029505
7.988608
7.938087
8.058829
7.998068
8.014899
7.995376
7.973662
7.997956
8.018064
8.015912
8.004724
7.983054
7.991036
8.014755
7.990089
7.930886
8.053847
8.007391
8.009257
8.010136
7.983028
7.990406
7.997786
8.002502
7.998934
8.006055
7.996407
7.997728
7.997740
8.026395
7.993899
8.052583
7.933819
8.010273
7.900078
8.100695
7.978239
8.001391
7.948641
8.105347
7.987342
7.972971
8.000468
8.001224
7.991767
7.990511
8.028091
7.985366
8.001302
8.036855
7.967013
7.994152
7.950734
8.049068
7.999181
7.995137
7.990554
8.016139
8.017574
7.996314
7.976601
8.005353
7.986847
8.025103
8.000800
7.980949
8.019136
7.975917
8.005252
8.012255
7.937605
7.994389
7.997192
8.057230
7.946759
8.005347
8.060959
7.988882
7.997081
8.007215
8.021392
7.964479
8.016560
7.985881
8.061215
7.939085
7.997656
8.004667
7.997401
8.030656
7.968821
7.997267
7.999437
8.007176
8.011208
7.974387
8.008914
7.998011
8.002793
7.997317
8.003021
7.998284
7.993738
7.955413
8.071704
7.976003
7.995218
7.999066
8.009425
8.006604
7.997393
8.025198
8.024711
7.936479
8.044200
7.963998
7.997842
8.011211
8.000151
7.995735
7.948087
8.076992
8.000253
7.961231
8.030261
7.967170
8.031894
8.014118
7.986820
7.974928
8.025828
7.950541
8.023541
7.993322
8.019772
7.980197
8.058384
7.940337
7.999032
7.997233
8.002842
8.008227
7.993050
8.023276
8.000241
7.974775
7.996718
8.017375
7.997164
8.020529
7.993481
7.973678
7.978941
8.021431
8.030100
7.922737
8.031141
7.928876
8.071847
8.026496
7.935361
8.083629
7.990311
7.933740
8.006697
7.991373
7.996945
8.005137
7.991722
8.004460
8.007089
7.994833
7.999414
7.994142
8.074046
7.930761
8.049497
7.996114
8.039338
7.983626
7.970134
8.006715
7.998341
8.003222
8.017885
7.994076
7.986673
7.993361
8.018783
8.004600
7.975659
8.010323
8.015051
7.991263
8.031764
7.958087
7.993098
8.017268
7.991057
7.957920
8.084224
8.014300
7.971912
7.995299
7.940275
7.994368
7.995001
7.991561
8.024047
7.976843
7.997069
8.046750
7.950769
7.991052
8.033488
7.975017
8.007170
7.995617
8.002021
7.990601
8.030315
8.020032
8.000091
8.029777
7.995378
7.939855
8.034453
7.998882
8.022085
7.986676
8.000603
7.999032
7.999439
7.998590
8.055031
7.965130
7.986228
7.994754
7.995736
7.998960
8.013368
7.984778
7.993519
8.008036
8.025603
7.986997
8.003671
7.990583
7.997454
8.022262
7.979104
8.000821
8.019031
7.929763
8.020367
7.972116
8.005845
7.983874
8.004241
7.989689
8.002891
