8.033297
7.930488
8.044318
7.969039
8.027388
7.962441
7.990675
7.994913
8.055084
8.005364
7.991988
7.967111
8.039131
8.057261
7.952381
7.956839
8.008900
8.121861
7.899647
7.987723
7.995359
7.965365
7.994557
8.148646
7.978352
7.997614
8.051997
7.935622
8.030962
7.973820
7.956688
7.922270
8.022716
7.978058
7.998492
8.000087
7.993281
8.004797
8.235608
7.922623
8.056827
7.934490
8.059940
7.971141
8.039062
7.932575
8.044202
7.963469
8.067652
7.914281
8.065642
8.007317
7.860874
7.997218
7.939655
7.992200
7.992898
7.999110
8.015106
8.128825
7.912205
7.987359
7.976250
8.015988
8.004733
7.963489
7.993646
8.143069
7.975911
8.019440
8.101277
7.904711
8.011421
7.832737
8.126890
7.952938
8.035984
7.942160
7.980282
8.032804
7.945001
8.015860
8.040709
7.939103
7.996985
8.096697
7.936033
7.970531
7.990096
7.998293
8.060252
7.939278
8.038720
7.961829
8.040360
7.959909
8.011615
7.993721
7.984332
8.007741
7.995450
8.005048
8.068791
8.084647
8.091281
7.925851
7.796580
8.060808
7.978861
8.044723
7.965430
7.943500
8.088574
8.049388
7.990896
7.852118
8.032381
8.004595
8.060097
8.030500
7.948466
8.026094
7.927725
8.111816
7.944323
8.002384
8.025799
7.972155
8.003492
8.017783
7.959193
7.994957
7.990697
8.013904
7.991233
7.995013
7.997876
7.994989
8.003311
8.004662
8.000823
7.992415
8.005129
7.991073
8.010288
8.031052
7.955919
7.994963
8.030248
8.007998
7.974318
8.003866
7.980782
7.998697
8.021077
7.994385
7.993631
7.998994
8.009253
7.994778
7.998399
7.991469
8.017896
8.028743
7.976163
7.994537
8.117274
7.891288
8.068519
7.955176
7.964619
8.009611
7.982313
7.998881
7.995500
8.005743
8.126853
7.960906
8.034127
7.921498
7.959756
7.996716
8.018501
7.938785
8.145633
7.959510
7.964480
7.933881
8.094085
7.953979
7.979104
8.045556
7.972210
8.015380
8.005014
8.015789
7.999534
8.031578
7.947555
8.002911
8.027242
7.934485
8.047111
8.059189
7.934418
8.059713
7.900603
8.108161
8.052166
7.865870
7.999751
7.981822
8.111205
7.975970
7.978446
7.953418
8.033438
7.949532
8.091068
7.905330
7.989125
8.016747
8.003709
7.990022
7.995248
8.028177
7.972245
8.006622
8.012806
8.005524
7.973903
8.003071
7.984229
8.012640
7.992184
8.016120
8.142261
7.896112
8.048112
7.981474
7.947170
7.968328
8.013278
8.044629
8.052290
7.911243
8.034322
7.998801
7.954096
7.997964
8.077352
7.924491
8.012606
8.063417
7.981029
7.939993
8.027306
7.977292
7.993933
8.047964
7.948387
7.996521
8.006002
8.018119
7.976110
8.063541
7.941593
8.002364
8.001984
8.038651
7.982272
8.003116
7.980281
7.987106
7.998690
8.010759
7.995011
7.988611
8.099649
7.956224
8.021749
7.959703
8.018173
8.005688
7.990156
7.989383
8.005893
7.994973
8.009498
7.962270
8.002472
8.059359
7.943673
7.986895
7.993129
8.000738
8.010336
8.011924
8.127087
7.933047
7.925357
7.982196
8.009404
8.021708
7.977585
7.994883
8.002145
8.010865
7.993706
7.974717
8.053551
7.968756
8.030143
8.015480
8.022567
7.956259
7.952320
8.024982
8.125136
7.932567
7.951642
7.990778
8.021523
8.025755
7.959381
8.054991
8.008173
7.998796
7.967706
7.960113
8.020700
7.982219
7.997124
8.058845
7.969849
7.973020
7.999215
7.996983
8.068652
7.927957
8.052353
7.980790
8.037240
7.937333
8.042544
7.961130
8.002137
7.986317
7.983376
8.021079
7.987008
8.000725
7.989772
8.067166
7.984650
8.024509
7.969530
7.998121
8.113584
7.883664
8.039504
7.944512
8.015419
8.010185
7.989548
8.071034
7.990951
8.007257
7.933982
8.035626
7.982590
7.987197
8.161972
8.021476
8.033056
7.853349
8.093579
7.909837
7.987822
8.039929
8.035617
7.964447
7.995984
8.034790
8.038994
7.872888
8.021687
7.936298
8.105889
7.894898
7.958918
8.022763
8.043293
7.941697
8.168820
8.052167
7.887254
8.077246
7.897514
8.006604
7.990407
7.992175
7.998801
8.063413
8.040281
7.991150
8.074378
7.929395
8.037056
7.972380
8.070139
7.919978
8.049777
7.896765
8.113950
7.908416
7.894336
8.019234
7.946802
8.105407
7.884482
8.001675
8.013503
7.944077
8.051216
8.095016
7.992825
7.891359
7.989808
8.130012
7.970855
8.015713
8.158842
7.909920
8.073137
7.939203
7.991327
7.898223
8.037168
7.897018
8.061893
7.935142
8.133511
8.148747
8.010434
7.872406
7.944494
7.932216
8.084391
7.957467
7.944284
7.951882
8.015233
8.014528
8.010438
7.959815
8.014428
7.985902
8.000965
7.990315
8.054323
8.033489
8.021621
7.910491
8.000311
7.991547
8.006206
8.008665
8.005094
7.979664
7.992859
8.003093
7.989511
8.005758
8.056390
8.007488
7.980177
7.990852
7.981942
7.967918
8.008625
8.023326
7.980226
7.997986
8.011495
8.048504
7.973305
8.030118
7.886990
8.183776
7.873028
8.012747
7.994917
7.986123
8.010267
7.991494
8.057057
7.949091
7.986675
8.026251
8.004823
7.987962
8.072786
7.936121
7.988806
8.003715
8.028210
8.019843
7.937227
8.028835
8.003750
7.977437
7.997555
8.063312
8.035162
7.896752
7.974568
8.009555
7.941668
8.072948
8.105540
8.032762
8.044520
7.891861
7.986266
8.024385
7.988098
7.963709
8.051221
7.952109
7.984455
8.058742
7.990450
8.024292
8.016327
8.021457
7.994908
7.992660
8.009545
8.005571
8.028137
7.906131
8.028907
7.980934
8.074681
7.992945
7.999619
7.953223
7.985049
7.984490
8.003795
8.066708
7.982422
7.953720
8.011696
7.920372
8.014576
7.970166
8.091615
8.000167
8.067899
7.959879
8.030242
7.951002
7.942708
7.972862
7.987815
8.014775
7.990193
8.023545
8.164340
8.102743
7.820863
7.899548
8.062021
7.992092
7.991363
7.980374
8.159087
7.965451
7.881662
7.993993
7.933410
8.065978
7.975328
7.987188
8.174823
7.830916
8.193498
7.885546
8.089279
7.888810
8.089196
7.918667
8.149109
7.874608
8.223919
7.796525
7.970494
8.103709
8.027966
7.880547
8.094481
7.954897
8.036224
7.851096
8.038771
7.909670
8.134480
7.933231
8.074973
7.863104
8.125333
7.932107
8.086648
7.915102
8.078775
7.972828
8.075787
7.808682
8.070693
7.934059
8.043595
7.961271
8.043808
8.102347
7.979493
7.947980
8.031841
8.086992
7.892264
7.992547
8.028396
7.877348
8.035900
8.357372
7.715394
7.909823
7.971753
8.031676
7.986814
8.130032
7.850627
8.013241
8.063288
7.975347
7.986563
7.935519
8.022295
7.960115
7.993046
8.040196
8.046355
8.004433
8.004508
8.066846
8.038663
7.958102
8.012810
7.999481
7.982202
8.012170
7.944477
8.101443
7.915798
7.995687
7.979557
8.103426
8.053316
7.951564
7.878225
7.953546
8.057618
8.175245
7.890712
7.969762
8.060554
7.986336
8.001118
7.994473
7.869567
8.079729
7.971242
8.037229
7.985897
8.096638
7.917124
7.968587
8.028375
8.048346
8.006617
8.043842
7.912220
8.053609
8.006476
7.971883
7.984851
8.001603
8.010651
7.993103
7.976810
7.955877
7.993691
7.995393
8.146463
7.941796
8.041258
7.935499
8.014380
7.992074
8.028283
7.969763
8.012371
8.002670
8.019003
7.960863
8.025715
7.995915
7.998047
8.028688
7.971569
8.001227
8.048273
7.986760
8.014704
8.003406
7.977424
7.977555
7.990908
8.002392
7.995111
7.986964
8.014480
8.080809
7.983966
7.962695
8.027684
8.017129
7.964199
8.033559
8.017029
7.983297
7.991936
8.001668
7.983700
8.055011
7.960652
8.023467
7.925110
7.974412
7.995488
8.004893
7.988348
8.118706
7.997119
8.068243
7.901716
8.022528
7.969585
8.033674
8.007181
7.955299
8.005270
8.014478
7.926689
8.001045
8.129813
7.791343
8.151708
7.944348
8.072755
7.868219
8.145941
7.817401
8.129690
7.842746
8.051299
7.958315
8.005021
8.002171
7.923393
8.060814
7.936182
8.053694
7.956367
8.134347
7.998237
8.001569
7.980160
8.078107
7.894663
8.041898
7.935836
8.082176
7.900846
8.126407
7.880210
8.091733
8.004380
7.997914
7.979817
8.086349
7.784006
8.064822
7.941541
7.995400
8.016075
7.981135
8.028869
7.984206
8.043565
8.000751
7.967521
7.968040
7.995719
8.026019
7.993733
8.041476
7.988147
7.976497
7.984881
7.996491
7.989407
7.999525
8.026965
7.980006
8.013514
7.988839
7.992265
8.053093
7.973268
7.969201
8.023868
7.982457
7.990963
7.993922
8.012962
7.988202
8.007603
8.011445
7.995188
7.977794
8.027704
7.972352
8.028882
7.972711
8.087483
7.948850
7.986314
7.993649
7.985246
8.000755
8.002530
7.991088
8.065156
7.943860
8.065845
7.941320
8.018901
8.052630
7.916279
8.011479
7.978786
8.015340
8.021708
7.978674
8.029913
8.017124
7.952614
7.997585
8.024453
7.993586
7.940525
8.034675
7.994092
8.001874
8.022822
8.008468
7.980273
8.011531
7.996629
7.989223
8.096960
8.074017
7.924390
8.023832
7.997051
7.876702
8.004489
8.015583
7.981793
8.004725
8.004153
7.994115
8.002772
7.991634
7.994260
8.006115
8.004013
7.997370
8.011278
7.992366
8.029302
8.028045
7.940805
7.981820
8.018284
7.998027
7.993047
8.015535
7.994375
8.008392
8.003436
8.016670
7.963702
7.993584
8.003355
8.007881
8.025302
8.011651
7.976863
7.987376
8.023480
7.974195
7.995384
8.009440
7.977125
8.041968
7.983941
8.004866
8.023825
7.955734
7.995221
8.007790
8.150305
7.852268
8.107696
7.946950
8.002619
7.945407
8.095489
7.953195
8.067387
7.893034
7.970722
8.011517
8.062905
7.973329
7.974525
8.082405
7.916230
7.994648
7.997221
7.994681
8.022677
8.012960
7.959955
8.001498
8.005776
8.002462
7.997023
7.985681
8.027935
7.931349
8.047526
8.001920
8.023156
8.195219
7.856554
8.126533
7.866833
8.038695
7.950310
8.063904
7.928216
8.065934
8.022707
7.943268
7.985766
8.015315
7.946996
8.059547
7.955954
7.969131
7.985865
8.000781
7.981502
8.007652
8.030629
7.980137
7.989384
7.951779
8.060334
8.156857
7.974993
7.992742
7.863821
8.136434
7.932755
7.977355
8.020212
7.989683
7.997662
7.969327
7.942327
8.026765
7.999843
7.999392
8.061606
7.946005
8.017709
8.012638
8.020053
8.041092
8.027441
7.874128
8.177895
7.860409
7.962168
8.021805
7.978998
7.984962
8.025876
7.958544
8.019820
7.993247
8.019363
7.989830
8.006010
8.134621
7.891715
8.053662
7.934719
8.097037
7.946276
7.968479
8.046623
8.031261
7.973262
7.933389
7.998634
8.003422
8.000799
7.946405
8.040802
7.993710
8.079074
7.924194
8.042350
7.977427
7.984955
8.003304
7.984417
8.017736
7.991490
8.011354
7.993635
7.989731
8.012530
7.996666
8.004061
8.019089
8.044610
7.955488
7.982257
8.017539
8.029419
7.993645
8.004844
7.998467
7.943805
8.002721
8.009646
8.012152
8.007606
8.018595
7.976905
8.023530
7.969966
8.057935
7.942665
7.972322
7.996639
8.003328
8.004230
7.999392
8.001838
8.017320
7.977004
8.003191
8.014671
7.984454
7.995651
8.096543
8.099377
7.801833
8.062629
7.926825
8.013189
7.990808
8.004586
7.995320
8.000425
7.999637
7.996863
8.002284
8.058775
7.974105
8.094126
7.896653
7.975694
8.001777
8.011954
8.102812
7.922780
7.966683
7.985608
8.010229
7.993904
8.021919
7.975467
8.037421
7.964365
8.057462
7.963730
8.135684
7.926390
8.080824
7.947119
8.040063
7.933314
8.092039
7.945088
8.050232
7.940942
8.061138
7.920044
8.053593
7.933147
8.068527
7.940653
8.063419
7.929361
8.061083
7.920918
8.090778
7.918226
8.085532
7.964903
8.022498
7.936541
8.065525
7.944964
8.048141
7.927882
8.053592
7.958602
8.062246
7.919712
8.081339
7.937045
8.068375
7.916494
8.074230
7.920450
8.083324
7.919972
8.085479
7.918591
8.069242
7.914274
8.106778
7.893639
8.090305
7.923967
8.162963
7.850576
8.070543
7.935668
8.070697
7.882250
8.072643
7.871204
8.073752
7.953193
8.059747
7.924946
8.054028
7.965264
8.027282
7.947835
8.008514
7.984842
8.129923
8.009062
7.973758
7.965355
8.003327
7.885329
8.117212
7.912996
7.997475
8.073882
8.053239
7.931706
7.976772
7.970380
8.028181
7.966655
8.144070
7.968121
7.894319
7.987564
8.039675
8.031939
7.939469
8.073392
7.920115
8.020257
8.015064
7.979442
7.982274
8.114613
7.964006
8.016788
7.982167
8.058790
7.970113
8.090638
7.961592
7.840519
8.052454
7.988784
7.974463
7.991485
7.994418
8.018608
7.969582
8.047295
7.949460
8.097304
7.913284
8.005618
7.993131
8.005904
8.015054
7.973424
7.999937
8.011096
7.992982
8.098206
7.921747
8.159556
7.869230
7.962250
8.006221
7.974500
8.251877
7.862579
8.105082
7.920541
8.046619
7.893724
8.183072
7.854068
8.125141
7.779314
8.100339
7.893678
8.005558
7.976093
8.003799
7.989327
8.007437
8.080625
7.922824
8.042092
7.961908
8.035877
8.006784
7.982472
7.978709
7.986256
8.002266
8.009362
7.998613
7.995880
8.042773
7.968124
7.977953
7.995953
8.077025
8.021930
7.963362
7.897702
8.064866
8.007812
8.006564
8.036595
8.001195
8.124150
7.837987
7.980541
7.980451
8.027499
7.987700
8.054658
7.940772
8.008879
7.979482
8.032720
