8.342643
7.978383
8.046712
8.001031
7.972626
8.022628
7.964984
8.036809
7.980662
8.010480
7.973658
8.002027
8.006868
7.982814
8.070612
7.973638
8.005459
7.995877
8.031316
7.961404
7.984373
7.976775
8.026335
7.988489
8.037232
7.941269
8.108528
7.994734
8.013781
7.994239
7.979022
8.028924
7.973025
7.998565
8.034559
7.983141
7.983503
8.021086
8.007524
8.014754
8.004745
7.954691
7.989558
7.995399
8.015552
7.998044
8.011549
7.990386
7.994669
8.052821
7.984421
7.969543
7.919070
8.019406
7.969758
8.063875
8.007004
7.959219
7.995820
7.992706
7.974417
8.009455
8.016383
8.064748
7.937036
8.014581
7.959686
8.050731
7.994635
7.990862
7.955561
8.003202
8.024207
8.010275
7.970976
7.993089
8.000530
8.051680
8.003587
7.995899
8.088549
8.071405
7.792671
7.995432
8.032790
8.040385
7.947184
7.982205
8.023237
8.182745
8.015815
7.970904
7.980051
8.002625
8.039088
7.962431
7.992745
8.016374
8.023466
7.976089
8.052963
7.808099
7.945354
7.970549
8.028475
8.021033
7.979026
8.008588
8.075639
7.942053
7.983380
8.031359
7.967584
8.030488
7.990773
7.981208
8.014083
7.969589
8.004868
8.025001
8.003032
7.986498
7.985193
8.005208
8.079396
7.920414
8.048841
7.909557
8.076038
7.964261
7.995755
8.048252
7.974824
8.107411
7.784962
7.942756
8.080107
8.161572
8.005477
8.004714
8.150449
7.988286
7.961077
7.985058
7.986582
7.996254
8.001442
7.992585
7.937600
8.035487
8.039177
7.803690
8.052425
7.990493
7.970223
8.014825
7.972885
8.047514
7.982535
7.996977
7.981318
8.040485
7.957632
7.997590
8.047099
7.987937
7.982512
8.036030
7.999599
7.992316
7.953490
8.006661
7.997817
7.999942
7.993400
7.997786
8.007069
7.993618
8.003915
8.002327
8.003219
8.007061
7.987878
8.071867
7.998754
7.995670
7.975337
7.963925
8.026152
8.034389
7.934890
7.998670
7.990158
8.003696
7.994924
8.041686
7.967169
7.998427
8.021159
8.035762
7.999348
7.977492
7.985456
8.006231
8.006220
7.961699
8.003843
8.032114
8.044593
7.979376
8.001332
7.972478
8.033961
7.969983
8.020365
7.978575
7.962366
8.007322
7.992684
8.070499
7.930237
8.087135
8.003781
8.034869
7.970468
8.152189
7.939646
8.013758
8.018562
8.010324
7.951422
8.032296
7.972231
8.021241
8.006406
7.996402
7.987119
8.029938
7.964460
8.013987
7.978901
8.017857
7.978727
8.000405
7.997898
7.993298
8.003757
8.025996
7.999368
8.028239
7.985911
8.040691
7.955695
8.004820
7.971060
7.988590
8.024813
8.002625
8.004023
8.004570
8.083156
7.713706
7.964224
8.092806
7.948888
7.978153
8.005895
7.993222
8.078215
7.984445
7.926544
8.007445
8.042429
7.965994
7.990133
8.005541
7.999687
7.997688
7.994565
8.006788
7.996555
7.998006
8.005111
8.000006
7.990158
8.030491
8.005119
8.003851
7.962799
8.007996
7.995711
7.997939
7.994354
8.007378
7.994039
8.000422
7.999607
8.007056
8.033408
8.016206
7.945400
7.999651
8.005709
7.988159
8.066382
7.975031
7.973056
7.987610
7.999850
8.034445
7.972713
8.007752
8.066136
7.944767
8.014052
7.985858
8.000036
7.984610
8.044682
7.961151
8.005380
7.978743
8.020422
7.982163
8.036666
8.021227
7.966550
7.971820
8.002201
8.071536
8.007116
8.012017
7.938558
7.973418
7.994155
8.000930
7.988050
8.019683
8.046196
7.968901
7.979946
7.996390
8.049918
7.948942
7.991487
8.017774
7.987743
8.006363
8.000218
7.999640
7.992902
8.008330
7.996052
7.994431
8.005019
8.063238
7.942202
7.988561
8.004724
8.008908
8.018388
7.970093
7.996305
8.006995
7.991921
8.007780
7.992506
8.018925
7.983782
8.036041
7.957099
8.003352
8.004990
8.003307
7.953204
8.065073
8.046240
8.007751
7.951792
7.987476
8.010630
8.004432
7.964627
8.053251
7.984482
7.998104
7.961977
8.036745
7.966871
7.997281
7.991159
8.011234
7.990956
8.002825
7.999398
8.059704
7.944008
8.004777
7.998561
8.029662
8.023834
7.929850
8.014962
8.091987
7.903351
8.030734
7.991903
7.977818
8.054549
7.979262
7.962539
8.039137
7.956710
8.001076
8.032584
7.973266
8.004426
8.045648
7.972765
8.006605
7.978490
7.998156
7.995908
7.996789
8.022238
8.008306
7.964789
8.031810
7.958847
8.019959
7.992024
8.002206
8.011440
8.001741
8.009701
7.977827
8.003326
8.010525
8.009652
7.987462
8.040773
8.009787
7.993012
7.947414
8.005764
7.985697
7.998897
7.992685
8.020852
7.980641
8.004387
8.001259
7.963027
8.028408
8.030742
7.996118
7.975599
8.000341
8.006435
8.007965
7.984853
8.002018
8.000719
8.047047
7.960713
8.013957
8.004438
7.977099
7.994767
8.020254
7.981630
7.993570
8.008205
8.190300
7.844504
8.007641
7.986259
7.972334
7.995121
8.057591
7.947504
7.994346
8.065276
7.969084
7.981401
7.999651
8.022429
7.958735
8.005362
7.994671
7.998995
8.015866
7.970841
8.050769
7.969520
8.009368
7.988813
8.011841
7.984936
7.970979
8.124546
7.973207
7.952362
7.985595
8.038910
7.952722
7.999143
7.998025
8.095235
7.916465
8.031840
7.967263
7.990326
8.060326
7.947909
7.994949
7.990515
8.021581
7.982198
7.998455
8.013762
7.990132
8.011108
7.994589
7.999566
8.002224
8.011626
7.996094
7.994145
7.988383
8.008467
7.985035
8.104224
7.913292
8.048256
7.982468
7.980657
8.009741
8.013895
7.985998
7.986453
7.967799
8.006468
8.036895
7.994609
8.004300
8.001084
7.971406
7.983339
8.060598
7.952069
7.999614
7.996318
8.034407
7.988366
7.986362
7.986758
7.989132
8.036072
8.008140
7.981325
7.994407
8.066861
7.964705
7.989788
8.005951
7.965612
7.999529
8.004519
8.007122
7.982421
8.033872
7.964190
8.000907
8.008211
8.037533
7.958902
8.008310
8.019932
7.966175
8.010077
8.001670
7.986845
8.002106
8.020588
7.985044
7.995715
8.016390
7.983714
8.028000
8.021425
7.944340
8.029666
7.984147
8.067783
7.931393
7.996751
8.029790
7.967445
7.991786
8.020886
7.983443
8.009927
7.980585
8.012224
8.034150
7.965539
8.000771
7.994490
8.007291
8.043221
7.947405
8.001432
8.004463
8.016573
7.975997
8.002260
8.012501
7.993557
7.988256
8.009584
7.997656
8.001034
8.018483
7.996230
8.050590
7.969319
7.981366
8.002134
7.974190
8.007156
8.004800
8.029181
7.968765
7.997637
7.995559
8.001647
8.001598
8.002422
7.997760
7.993238
8.030793
7.972900
8.046957
7.954100
8.014436
7.976301
7.993594
8.039525
7.972779
8.005667
8.046085
7.991815
7.955345
8.017715
7.984239
8.002585
7.995718
8.002034
8.020401
7.977158
8.046498
7.948704
8.003184
8.000435
8.010668
7.994439
7.991678
8.002952
7.994542
8.023492
7.986391
8.028167
7.978908
8.008709
7.974140
8.035245
7.971042
8.002574
8.002786
7.986120
8.001336
8.001055
8.030199
7.974857
8.056060
7.936356
8.073634
7.925523
8.103776
7.922896
8.014810
7.962248
7.998381
8.002186
8.015794
7.972606
8.007024
8.002882
7.995378
7.981644
8.066484
8.036929
7.977136
8.011374
7.987079
7.981304
7.968439
7.997220
8.030376
7.968863
7.995272
7.997116
8.073414
7.993978
8.004937
7.985481
7.977797
8.032864
7.976712
8.005796
7.943810
7.997800
8.026793
7.984029
7.998469
8.000942
7.995186
7.999579
7.996739
8.012972
7.995077
8.007261
8.017424
7.983269
8.000413
8.003439
8.004724
7.982911
8.003739
7.985655
8.005905
8.002185
8.003358
8.035972
8.000813
8.002658
7.952526
8.004743
7.995530
8.054419
8.028448
7.934694
7.974963
8.002092
8.006316
7.992011
8.026508
7.996570
7.996546
7.941501
7.828582
8.089657
8.164046
8.000699
7.973762
8.009671
8.016747
7.960508
8.068354
7.974016
7.959064
7.993590
8.008656
7.988351
8.005105
7.993326
8.004266
8.015786
8.005993
7.982935
8.006638
7.989918
7.991353
8.002709
8.028079
7.972053
7.994670
8.006240
8.011459
8.019230
7.961494
8.058881
7.950632
7.995856
7.999398
8.003603
8.000866
8.012148
7.999961
7.983593
8.026890
7.974703
8.004931
7.991868
8.000657
8.003294
8.001814
8.050493
7.976160
7.937152
8.071712
7.996331
7.993844
8.039131
7.991435
7.979414
7.981288
8.035611
7.979832
7.973115
8.010503
7.981037
8.013646
8.015831
8.019216
7.950506
8.040343
8.002781
7.982880
7.992809
7.993624
8.004638
7.986532
8.002870
8.024953
7.995495
7.980895
7.990778
8.030155
7.968479
8.004150
7.990891
8.000365
8.038129
7.968168
7.999095
7.998036
7.998855
8.017570
7.977847
8.001480
8.001902
7.995037
8.002346
8.035926
7.965576
7.994089
7.998224
8.019475
8.085313
7.953079
7.946856
7.997561
8.015216
7.991930
7.994521
8.005043
8.001628
8.037762
7.958685
8.055095
7.986848
8.002667
7.964841
8.028555
7.959321
8.015138
7.979551
8.032710
7.969835
8.010921
8.026984
7.963843
8.000768
8.001547
7.984241
8.009527
8.008664
8.015791
8.067902
7.917598
7.991836
7.992427
8.045467
8.048325
7.979835
7.969954
8.000865
7.991150
7.990669
8.019294
7.991712
7.986960
8.017697
7.962614
7.998676
7.995284
8.004049
8.004309
8.037433
7.931282
8.020803
8.016043
7.986122
8.024121
7.975852
7.997318
8.002121
8.028340
8.053584
7.956011
7.978915
8.028253
7.992786
7.951089
8.050776
7.964911
8.048136
8.089942
7.896526
7.955424
8.066253
7.904701
8.052273
8.022061
7.958539
8.007568
8.114189
7.942615
7.943065
8.038014
7.993285
7.982492
7.980805
8.029395
7.971110
7.991990
8.004148
8.047606
8.015365
7.940834
8.074812
8.016997
7.906673
7.998130
7.976322
8.098637
7.950463
7.976585
7.991470
8.008065
7.994006
8.027979
7.992498
7.981900
8.009495
8.010539
7.979260
8.010789
7.992186
7.996742
7.996518
7.997459
8.005444
8.006983
8.021965
7.984040
7.985746
8.010904
8.038093
7.942108
8.009228
7.992830
8.004306
7.995300
8.017442
7.984390
8.009399
7.992077
7.993509
8.038314
7.971277
8.118230
7.952680
7.924219
7.998462
7.998978
8.002171
8.004919
7.997607
7.990141
8.073147
7.933459
8.004879
8.003140
7.998301
7.991658
7.998938
8.003752
8.060825
7.951178
7.991359
8.037850
8.010638
7.946603
8.034029
7.962104
8.104237
7.901687
8.002294
7.986426
8.009086
8.050094
7.942953
8.005747
8.020929
8.028194
7.978559
7.996153
8.028364
7.964082
7.976625
8.004950
8.014069
8.025771
7.962329
7.994294
7.998990
8.006750
8.066289
7.966245
7.952068
8.022220
7.988003
7.997170
8.001936
7.992780
8.045803
7.969883
8.024822
7.971541
8.009748
7.993599
7.989525
7.994513
8.070528
7.970399
8.019621
7.966950
7.992474
8.058289
7.930647
7.987386
8.007557
8.008165
7.986039
8.002209
8.002264
8.047461
7.985308
7.997171
7.985470
7.982999
8.004652
7.997340
7.994333
8.012239
8.021147
7.991202
8.000048
7.982737
7.995914
7.985213
8.028540
7.984111
8.015899
7.990006
7.983938
8.019656
8.012676
7.971943
8.017160
8.006351
8.056216
7.925408
7.997280
8.001650
7.999590
8.002739
7.995472
8.005171
8.002189
7.990167
7.998188
8.017956
7.991190
7.997332
8.006480
8.034891
7.958877
7.990166
8.003800
8.003307
7.995988
8.005884
8.000168
7.997819
7.997363
8.043086
7.976297
7.996510
7.988091
7.987055
8.004854
8.057584
7.951413
8.006878
7.986046
8.029669
7.974251
7.992882
8.007218
8.005074
8.031802
7.998901
7.957431
8.002731
7.990022
8.004616
8.010289
7.987891
7.999467
8.001646
8.007013
8.001998
8.012085
7.981823
8.037614
8.041074
7.986706
7.984451
7.993615
7.958561
8.001895
8.006572
7.997705
7.983889
8.043681
7.971382
7.984465
7.994620
8.004138
8.019148
7.997055
7.993781
7.990487
8.001805
7.998046
7.998701
8.002129
8.001181
7.994846
8.004708
8.002823
7.994968
8.002058
8.057139
8.002558
7.980162
7.971985
7.990965
8.028601
8.007429
7.972494
8.014328
7.981033
8.004962
8.038559
8.047765
7.941382
7.961652
8.036449
7.971915
8.009228
7.977341
7.989938
8.010324
8.020042
8.009704
7.968430
8.014003
7.992501
8.001189
8.005914
7.983511
7.991794
8.013460
7.997609
8.004081
7.995026
8.005687
8.003781
7.985389
8.004807
8.011911
7.982424
8.004114
8.028541
7.974261
7.998723
8.007812
7.986843
8.010004
7.994766
7.995777
8.008066
7.996588
7.992931
8.005297
8.032011
7.965076
7.998848
8.001638
7.999110
8.004867
7.989449
8.013991
8.005147
7.985355
8.033235
7.982124
8.068276
7.977147
7.968842
8.010537
8.002358
7.960122
7.994388
8.008939
8.027891
7.971332
8.024500
8.000707
7.979457
7.990399
8.076713
7.968717
7.949870
8.018981
7.988834
7.990577
8.003679
8.002507
8.041767
7.962261
8.050640
7.935420
8.027551
8.015928
7.959745
8.046262
7.957765
7.998969
8.003551
7.995273
8.003240
8.010241
8.001220
7.981381
7.998398
8.006665
7.991564
8.036719
7.971374
8.008842
7.983317
7.998711
8.041224
7.998019
7.960620
7.998319
8.000158
8.011037
7.992566
7.998518
7.994685
8.016888
8.014439
7.982918
7.994272
8.037765
7.967205
7.987395
8.047070
7.961328
8.025113
7.970716
8.012292
7.985419
8.017475
8.023424
