0.083758
0.073209
0.071840
0.071079
0.069800
0.069609
0.070097
0.069753
0.070317
4.876432
7.916628
7.947011
8.117495
8.009105
8.015821
7.983370
7.991236
8.023715
7.929126
8.005646
8.038254
7.938716
8.046960
8.033312
7.976067
8.076262
7.924315
7.964584
8.058933
7.967031
8.037206
7.936575
8.039729
8.004337
8.020659
8.060690
8.090617
7.838647
7.901503
7.982622
8.134444
8.098206
7.860564
7.997428
8.024425
8.023809
8.026874
7.985802
8.026882
7.960743
8.050917
7.986629
8.039478
8.110071
7.788966
8.102400
7.970956
7.935371
8.034455
8.079671
7.929658
7.891553
7.949774
8.170241
7.974400
7.978819
8.049944
7.909596
7.893004
8.052224
8.027770
7.988259
8.003532
7.983026
7.981792
8.012042
7.987005
8.002677
7.997805
8.071241
7.979754
8.114901
7.983669
7.915256
7.993229
8.072310
8.035717
7.977153
7.915790
8.028630
8.015437
8.086907
7.942593
8.125892
7.818811
8.028750
8.036844
8.007684
8.082758
7.942002
7.973491
8.033788
7.978486
8.068449
7.871449
8.027764
7.999667
7.984132
8.027286
7.982354
8.049474
7.916772
7.988191
8.159517
7.918206
7.986008
7.981109
7.983768
8.017825
8.010299
7.979884
7.992972
8.038191
7.877701
7.998353
7.962066
7.962026
8.276854
7.971973
7.917874
8.025410
7.820095
10.275573
5.733707
8.118577
8.037780
7.959810
7.979629
7.929106
8.123468
7.936427
8.053800
7.949895
7.929232
8.058105
8.070862
7.972031
7.977240
8.000173
8.005053
8.012996
7.969177
8.019508
7.994142
7.979993
8.004624
8.000880
8.013521
8.015486
7.971464
7.998077
8.012723
8.002006
7.986417
8.000917
8.009729
7.985507
7.958535
8.040257
8.007519
8.001119
8.009842
8.023199
7.972283
7.992417
8.022997
8.009804
7.995478
7.999463
7.984052
7.993175
7.999762
8.022691
8.036154
7.945623
8.014392
7.966043
8.046321
8.080206
7.957809
8.071999
8.406802
10.436054
4.934060
8.142164
7.869924
8.034298
8.031398
8.002392
7.998712
8.018243
8.008858
7.972762
7.966420
8.046833
7.990326
8.042900
7.990001
8.000511
7.982466
7.945674
8.074207
8.000561
8.011361
7.957626
8.005372
7.955811
8.041237
8.001882
8.029173
7.976516
7.994098
8.019966
8.005470
8.008468
8.002054
7.990998
7.998334
8.006939
8.021495
7.973011
7.992280
7.948187
8.029660
7.970235
7.979924
8.098427
7.932990
8.079255
7.955848
8.067078
7.929769
8.053498
7.987986
7.986456
8.021030
7.925995
8.043365
7.968963
8.513468
7.553883
8.092836
7.960080
8.235557
7.748156
8.046534
7.970949
8.036570
7.856210
7.947546
8.039680
7.999833
8.032688
7.963068
8.052364
7.953910
8.005152
8.008626
8.014897
7.972509
8.038436
7.979011
7.985526
7.999802
8.056328
8.033024
10.049631
6.262177
7.697043
8.002532
7.866426
8.064939
8.028766
8.000297
7.951306
8.056742
7.977451
7.996200
8.000758
7.995912
7.995042
8.020410
7.976271
8.015053
8.032434
7.958154
7.987145
8.013087
8.031809
7.983535
7.965359
7.998481
8.052743
7.950504
8.030850
8.017129
8.002225
7.986646
8.055783
7.961071
7.948564
8.115564
7.930390
7.967344
8.126820
7.864573
8.115388
8.014189
7.938060
7.975770
8.088287
7.933343
7.989381
8.062181
8.010261
7.989847
7.978887
8.020558
7.999730
8.012659
7.997703
8.014706
8.012841
7.990179
8.003933
8.017551
7.967679
8.055192
7.927040
8.014036
8.018891
7.986321
8.019152
8.002751
7.985406
7.977691
8.015075
8.022633
8.017950
7.944226
8.024950
8.000752
7.974260
8.101621
7.933200
8.058071
7.969671
7.994241
7.953520
7.941171
7.978657
8.023759
8.092842
7.959509
8.035806
7.948215
8.036786
7.973645
8.023959
8.051412
7.939229
8.023333
8.031398
8.002979
7.826235
8.073353
7.940078
8.095509
7.929020
8.330479
7.786152
8.127585
7.950787
7.910193
7.942618
8.042539
8.046869
7.953441
8.017697
7.989058
7.972339
8.037632
8.024321
7.885856
8.041356
8.025740
8.000527
8.026724
7.973878
8.003595
8.050744
7.968382
8.022593
7.986177
7.994079
7.897804
7.972643
8.008385
8.029960
7.975656
7.988483
7.990744
8.018068
8.000771
7.997490
7.986382
8.063666
7.957156
8.000863
8.007513
7.993846
7.971945
8.130513
8.005964
7.893435
8.015368
8.091373
7.903334
8.028178
8.044494
7.907903
8.064518
7.930013
8.016171
7.992237
8.003668
7.968775
8.035381
8.062071
8.004833
7.999310
7.962081
8.920247
7.087598
7.972783
8.050024
7.974046
7.909367
8.074245
7.993320
7.984297
7.938996
8.068183
8.024736
7.978753
8.005362
8.008812
7.997211
7.990400
8.004271
7.996452
8.013941
7.990719
8.008370
7.975346
8.023882
8.011979
8.019895
7.962197
8.007155
8.039441
7.958067
8.017936
7.983635
7.991877
8.006250
7.995672
8.027037
7.999610
7.980801
7.999201
8.010711
8.016482
7.977365
8.054833
7.948151
8.001396
8.011230
8.002000
7.999465
7.986465
8.003827
7.990852
8.004254
8.030976
7.970175
8.002551
7.998644
8.038802
7.954147
7.955352
8.091852
8.012748
7.955933
8.044778
7.933326
8.014001
8.054403
7.971867
7.982209
8.005844
7.986885
8.017947
7.982625
8.001348
7.951233
8.050633
7.999199
8.002766
8.003313
7.997181
8.008232
7.989027
8.002895
7.996784
8.007974
7.994230
8.003523
8.009975
8.006017
7.976184
8.024771
7.972740
7.996038
8.010732
7.997725
8.000825
7.998896
8.016531
7.984810
8.002484
7.993426
8.012127
8.009737
7.985552
7.998590
7.989501
8.003009
7.999361
8.023055
7.991319
7.996001
8.079923
7.918259
8.005380
8.013352
7.974922
8.002815
8.003287
8.048306
7.985989
8.024189
8.047117
8.336508
7.788308
7.773825
8.139991
7.952695
7.989336
7.890154
8.082599
8.068213
7.914290
8.026823
7.950153
8.016702
7.988201
8.052113
8.031860
7.977926
8.001050
8.003479
7.984975
8.015722
8.023301
7.988208
8.020912
7.978069
8.008619
8.042645
7.980681
7.967539
8.007476
8.001613
7.986065
8.005352
8.000552
8.009241
7.988825
8.015261
7.994420
8.005979
7.995892
8.002067
8.012014
8.028937
7.938025
8.002655
7.968578
8.026349
7.991848
7.992138
7.969049
8.018912
7.994073
7.988989
8.018095
8.032440
8.000291
8.037556
7.983219
7.957579
7.990211
8.087777
8.059577
7.975199
7.827183
8.128293
7.944671
8.064954
7.979975
7.998252
8.003867
7.936258
8.029251
8.035945
7.923479
8.016585
7.938546
8.051771
8.255348
7.834541
8.207661
8.306028
7.743480
8.286304
7.532125
8.667619
7.328182
7.899699
7.929585
8.087697
7.965465
8.763063
7.135579
8.143628
7.947571
8.028060
7.945477
8.273206
7.740693
8.058553
7.913930
8.067677
7.899417
8.027643
8.013931
7.994301
7.987882
7.990951
8.012213
8.422039
7.559704
8.024284
8.035636
8.132495
7.984295
7.835712
8.227425
7.769882
8.095471
7.920501
8.120885
7.862654
8.840432
7.223991
7.960330
8.067293
8.051919
8.071852
7.993079
8.114193
8.010122
7.809482
7.957095
8.575800
7.506972
7.872068
8.019488
7.964014
7.991541
8.023589
7.987676
7.952338
8.335117
7.740296
7.983817
7.989741
8.188130
7.827520
8.203113
7.832376
8.080068
7.899937
8.174253
7.868017
8.082499
7.918390
8.042901
7.935935
8.139966
7.862343
7.906102
8.081832
7.951674
8.130191
7.975807
8.226538
7.841315
7.835095
8.176249
8.013014
11.752153
4.141303
8.009903
8.071156
7.963764
7.917460
8.002937
8.001935
7.997595
7.934857
8.071067
8.017493
7.978702
7.976055
8.031947
8.005836
7.952460
8.046571
7.940399
8.015103
8.077352
8.022645
8.011636
7.877061
8.078508
7.969232
7.963620
8.097660
7.856560
8.126172
8.038260
7.938971
8.091566
7.929098
7.929087
8.056553
7.981085
7.956654
7.998261
8.041889
7.954748
8.057464
7.994290
8.010531
8.080757
7.991511
7.945997
7.966996
8.014550
8.010190
7.989345
8.014312
7.980053
8.019596
8.005729
7.987172
8.010862
7.979058
8.017694
7.981868
8.011818
8.316013
7.692297
7.914804
7.964854
7.997817
8.009987
7.988319
7.996070
8.023990
7.984576
7.991087
8.005200
12.441411
3.613204
7.991581
7.970486
7.968692
8.039833
8.053178
8.092408
7.859314
8.034174
7.943603
9.122358
7.000049
8.022792
7.925304
7.937756
8.024729
8.057920
8.018872
8.186318
7.992158
8.955164
6.951916
8.030648
7.958188
8.149525
7.872515
9.806151
6.041233
8.104770
8.066945
7.907715
8.011684
8.063177
7.944562
8.003948
7.984566
8.085354
7.891232
8.144938
7.910289
7.985025
7.987256
8.003280
7.969437
8.025282
7.977069
8.002278
8.032192
8.016251
7.995562
7.977797
8.024472
7.999709
8.006909
7.977840
8.003380
7.960875
7.956856
8.018319
7.983190
7.989230
7.995009
8.003437
7.996637
7.999563
8.006780
8.003894
8.028234
8.005947
7.994314
8.077997
8.109303
7.939045
8.035569
7.913470
7.990184
8.011063
8.160471
7.823833
7.979649
8.132369
8.007035
8.005250
7.978092
7.995876
7.981516
8.028437
8.008563
8.190288
7.807405
8.018626
7.855367
8.154060
7.929379
8.063043
8.003056
7.984859
7.965042
8.037086
8.028509
7.941078
7.989052
7.998990
8.023632
7.941200
8.071901
8.001276
7.995474
7.976986
8.010658
8.002407
8.013170
8.002237
7.877825
7.999551
8.007525
7.976341
7.992315
8.001165
8.013119
7.980550
8.031483
7.988993
7.984712
8.032294
7.968028
8.001566
8.008230
7.993755
8.001125
8.046220
10.261937
5.649067
8.746611
7.336670
8.040646
7.957109
7.925348
8.003339
7.977167
8.082585
7.996430
7.984667
8.051837
7.967136
7.980008
7.994153
8.020793
7.989551
7.989330
8.054540
7.969510
7.975402
8.033988
7.964341
8.007101
8.012241
8.033338
7.943786
8.021558
8.001256
7.989619
8.010016
8.017411
7.987412
7.995272
8.000311
7.978825
7.999638
8.017568
7.982734
8.026579
7.976938
8.020600
7.978820
7.995000
8.039026
7.973116
7.993482
8.015404
7.997888
7.994923
7.989720
8.009045
8.006153
7.989144
7.996637
8.028037
8.013243
7.961847
8.000791
8.016342
8.062391
7.930378
7.971303
7.960266
8.174681
7.889315
8.191099
7.937420
8.052310
7.938203
8.013391
7.971057
8.032733
8.004918
7.894157
8.090038
8.033200
7.985377
7.970907
7.979026
7.995527
8.046940
8.030761
7.896552
8.088647
8.001768
7.958907
8.021950
8.012141
7.991583
7.995029
8.017332
7.944645
8.054372
7.985175
8.001462
8.062906
7.986418
7.974653
7.950590
7.977800
8.075884
7.973989
8.001240
7.999913
7.957117
8.044028
8.000420
8.014573
7.988648
8.088205
7.881008
8.077501
7.984344
7.990409
7.963629
8.037793
7.921119
8.072967
7.961879
7.998892
8.041286
7.974014
8.112214
7.768899
8.078959
8.094783
7.906715
8.220096
8.255336
7.446958
8.201921
7.942714
8.054798
7.952476
7.984069
7.992076
8.036816
8.057759
7.948281
7.922308
7.984188
8.204690
7.840052
7.916948
7.974496
8.024826
7.986889
8.008295
7.983085
8.010174
7.983558
8.033482
7.951949
7.995990
7.994940
7.995581
8.007262
7.984019
8.007715
8.031156
7.964239
8.006019
8.004199
7.991346
8.007440
8.008376
7.981102
8.022314
8.020352
8.218092
7.781308
8.009549
7.977816
7.992294
7.978158
8.052522
8.123492
7.864335
8.085323
7.951770
7.954126
8.024118
8.012017
7.991618
8.008782
8.017845
7.977322
8.033967
8.086678
7.846959
8.156492
7.926725
7.985796
8.042744
7.900934
8.027122
7.960623
8.012254
7.987261
8.037644
7.982961
7.984525
8.019874
8.001682
8.022255
7.984423
8.020315
7.951821
8.046550
7.993527
7.992266
8.042050
7.993244
8.045212
7.940430
7.974024
8.022765
7.963299
8.035452
8.073158
7.986775
7.939348
8.065275
7.892001
8.026793
7.987793
8.000735
8.003232
8.035548
7.999283
8.000786
8.001273
7.999356
7.996839
8.006998
7.994738
8.002628
7.992254
8.006898
8.014974
7.955343
8.009597
7.984576
8.016747
7.983227
7.997707
8.005965
8.320447
7.728083
7.980498
7.991493
8.055660
7.977201
8.164691
7.799174
8.117118
8.003702
7.958217
7.978732
7.997475
7.992593
8.001698
8.109703
7.889760
8.015649
7.995134
8.035195
8.061939
7.927485
7.977228
7.966228
8.000844
7.988998
8.006007
8.003253
8.037582
8.069477
7.985059
8.004460
7.984626
7.995853
7.999415
8.025316
7.954909
8.000690
7.999389
8.000672
7.999580
8.004716
7.999662
8.011131
7.989868
7.970892
8.107846
7.990457
7.969967
7.945386
8.015859
7.931497
8.017752
8.017167
8.046365
8.009762
7.973063
8.056547
7.963779
8.005045
8.010040
8.000541
8.021016
7.961192
8.015172
7.934556
8.101635
7.950052
8.035849
8.046847
7.880313
7.989224
7.994673
8.015465
8.014234
7.961436
8.019809
8.002732
8.023211
7.966251
8.028544
8.043188
7.990905
8.023211
7.945650
8.010779
8.010267
7.979408
8.001938
8.093813
7.954183
7.996028
7.988039
8.012391
7.980468
7.984253
8.004885
8.025778
7.991557
7.967483
8.047357
7.946722
7.995139
7.990962
8.148626
7.904558
7.967311
8.060289
7.979408
8.480005
7.571845
7.919770
7.981600
8.038983
7.937389
8.067945
7.966485
8.054733
7.955421
8.021603
7.943349
8.015947
8.067152
7.949878
