9.935343
6.167173
8.536393
6.636546
10.928101
5.508702
9.397036
6.051136
8.477396
7.972568
8.511264
7.194642
7.976896
7.795563
8.118833
12.288320
4.583918
7.353987
9.121017
7.602560
7.051130
8.270180
8.170291
8.764547
7.005234
8.468229
7.172775
8.183167
8.167122
7.861074
7.884050
8.588880
10.129912
7.624750
6.942228
7.864192
6.896609
8.125258
8.148951
8.408067
9.135403
8.697984
5.443406
9.120870
7.391272
7.897829
9.056216
8.522872
5.834218
8.478404
8.900582
6.911602
9.695014
6.382134
7.894802
8.223398
9.180989
6.609401
10.182370
8.438548
10.410641
3.152872
7.996738
8.592889
7.451757
8.966697
7.813262
6.930309
8.328474
8.461344
8.960963
6.167851
9.515105
6.619642
8.061606
7.933574
8.477826
7.365097
8.551743
8.084808
10.088793
5.237413
9.453053
7.412189
7.208859
8.666667
7.871815
11.125582
4.732824
12.658821
2.838914
9.862590
8.042862
6.462219
8.923028
8.040090
7.111614
7.756461
8.512376
7.949006
7.416319
7.976496
11.454249
7.298673
5.370656
8.366523
8.645290
7.306011
8.662999
7.879807
8.383169
6.543396
8.179151
7.801676
8.403287
7.987230
7.766023
7.706884
8.472515
7.759755
7.857765
8.465421
8.290673
7.358293
8.914322
7.309099
7.737954
8.298209
7.768847
8.396455
7.691425
7.844899
8.276287
7.776310
8.034202
7.855333
8.500937
7.742448
9.103089
7.402501
7.949026
9.064275
11.254052
4.168992
9.152997
9.107682
7.348760
29.396081
0.079270
0.071067
3.857155
4.648331
8.304141
8.161714
7.202107
7.949844
8.346621
7.422636
7.837443
8.231405
8.558030
9.070196
6.986781
7.235910
8.094285
7.843387
8.036576
8.087639
8.049188
8.129819
8.932550
12.568395
3.300128
8.162963
12.818660
2.568041
8.062616
8.518106
7.093769
8.034663
8.041422
7.725026
8.033693
7.922972
7.948272
115.286152
0.085557
0.071557
5.315413
0.017423
0.042479
0.107533
0.075437
0.021355
0.016942
0.069965
0.069128
0.069958
0.069671
0.069795
9.307290
5.439267
8.863187
7.106149
9.463267
6.742308
7.975338
8.487594
7.449701
9.246755
13.871663
3.360319
5.634120
8.771397
9.222635
5.642986
8.332023
8.231384
7.728136
7.981928
8.107695
8.065451
8.732673
7.203734
8.909680
7.139864
7.652666
7.981985
10.034611
10.683626
3.890364
16.972594
0.079618
6.524328
9.648613
7.745669
6.838961
10.432629
5.155588
10.026420
5.894736
8.950291
7.143531
7.912294
8.709437
7.814806
7.461622
9.114519
7.020329
8.017190
10.874359
6.390516
10.355641
4.642753
7.529822
8.224642
7.994794
7.807905
8.381144
13.610994
3.574487
6.243943
8.436124
7.798054
8.398143
8.501327
7.007680
8.143841
8.097666
8.026385
7.761137
8.191948
10.396786
5.390715
8.362587
8.172271
7.406706
8.147857
8.800336
9.490940
6.369379
8.198762
7.766513
8.750189
7.374214
7.407156
7.880093
8.104250
8.696370
9.448917
6.095858
11.049366
5.635768
7.039195
9.327286
7.239298
7.271897
10.169218
5.822454
9.405932
7.338147
7.201233
8.220150
8.281834
7.921556
7.727948
7.827487
8.122981
8.307574
7.714611
7.916352
9.021993
6.842791
8.632913
8.022630
7.522325
9.927353
6.134424
8.086520
7.952366
7.887169
10.239969
6.001693
8.910462
8.077119
7.012238
8.060307
7.796317
7.884199
9.123595
7.979191
7.209366
8.097789
8.309719
7.902706
8.274518
7.243681
7.923596
8.155302
8.076698
8.486253
7.891697
8.164655
8.323031
8.065947
9.152798
5.593191
9.161561
7.123468
8.173535
7.869484
8.149919
8.951750
6.852146
8.574283
7.508621
8.356918
17.357086
0.077506
10.654220
5.067134
9.575400
5.379669
7.467881
7.925038
7.758020
11.644649
4.468606
12.248622
3.723926
34.564677
0.019746
0.060628
0.060236
18.683777
0.116083
5.712620
4.649407
8.450603
9.293919
8.521230
10.721493
3.629517
10.057745
7.116925
6.373808
8.262431
8.988105
8.190613
8.093585
6.363017
8.321777
8.324259
7.824954
11.188324
4.603230
10.783922
5.056981
9.486405
7.763824
7.170581
8.021870
8.473893
12.312623
3.678842
7.832556
10.397582
5.923077
7.275920
8.725984
8.674898
8.884388
12.229828
2.235066
8.323356
7.472124
8.449232
7.513074
7.286086
8.064658
8.301258
7.604752
9.000839
6.883306
8.313290
7.696257
8.570365
8.014929
7.804298
8.416906
8.200596
6.918681
8.704826
7.838001
15.891705
0.353924
9.731829
6.362356
7.744602
8.184416
8.004237
10.114826
4.961904
8.102913
7.929566
8.453797
8.652255
8.684409
6.228635
8.000894
7.978898
8.211407
8.188797
7.895113
7.974945
7.789507
8.113258
7.977191
8.191835
8.183771
7.994297
7.475121
8.589051
7.919234
7.973492
17.117082
0.073034
9.542751
5.098157
12.428006
3.747016
8.978339
6.597586
8.649610
8.453552
16.331155
1.830706
4.744300
10.456413
5.717700
10.616583
9.744570
20.014575
0.129573
0.093393
7.832418
9.283625
9.305164
5.528288
7.848667
8.559299
7.687558
7.756549
9.232976
9.121229
5.831899
7.751353
8.060483
7.700835
9.826653
7.466424
7.240099
8.775026
6.469437
9.637860
6.956377
7.678909
7.956767
8.010216
11.300126
5.200671
7.392261
9.229063
7.666311
7.633236
7.729655
7.932190
7.902538
9.452274
7.603561
7.159826
8.126742
9.237360
7.134384
9.419358
6.037793
7.538921
8.331641
7.756183
8.622684
7.471109
9.073232
6.776696
8.462086
7.837033
14.985651
2.009333
7.445567
7.320231
8.198021
8.140398
7.795597
8.430218
7.341274
9.000149
7.376091
8.446189
7.446532
8.117437
8.409464
8.494795
6.953562
7.855496
8.345152
8.025083
8.632068
7.234355
7.733628
8.220280
8.427224
7.188592
8.188943
8.212810
8.089782
7.755706
7.819196
8.177398
7.816559
8.313194
7.744557
8.334780
12.282398
6.125864
8.124524
7.480861
8.156376
7.190087
6.848094
8.639367
10.279195
6.131904
8.627369
12.559696
1.353983
14.960583
2.837474
8.095357
8.314728
7.592428
7.080820
7.211657
8.180084
9.761191
6.583990
7.307694
12.014251
3.992189
8.542605
8.998953
6.791054
8.119349
7.698079
7.876005
8.029634
8.890197
7.281022
8.021835
11.874809
8.348812
6.316608
5.208777
9.071746
6.934158
7.902462
8.796454
9.277624
6.232574
8.377311
7.883851
8.663241
7.373609
7.770155
7.757009
7.993441
9.855101
5.969023
8.196354
7.735388
8.319129
7.845475
8.079753
7.900719
9.966318
5.979863
8.510501
7.390888
8.050227
8.307520
7.692949
9.866317
6.295607
8.681964
7.143570
8.139581
9.422139
6.472955
8.015140
8.156053
7.825761
9.019356
6.988672
7.993349
19.238875
0.071810
4.679258
8.203220
8.096309
10.869444
4.977386
8.418392
7.537442
7.961895
9.763105
6.356298
8.183136
8.023313
7.867540
7.979660
8.037235
8.430711
7.251423
8.278750
8.185460
9.002210
7.159502
7.742045
8.455780
7.281674
8.199469
7.945272
7.891283
8.837882
7.203994
8.430086
7.772144
7.681382
8.136015
7.895633
12.980669
3.262635
7.641343
8.032422
8.095171
8.490990
8.023812
8.056597
7.462800
8.513092
7.645821
7.864882
14.388435
1.980741
7.534771
11.679495
5.302828
7.030000
7.949397
8.692175
8.396008
8.238206
7.224094
8.794893
15.579543
3.546882
4.117152
7.681755
8.262557
8.394485
7.791216
7.509233
7.793107
9.300678
6.693194
8.288546
8.075062
8.295802
8.171048
7.657762
7.572343
11.075913
4.880367
8.257337
11.242460
4.538317
8.503968
8.375417
8.265402
10.224500
7.216429
6.346579
7.789949
7.353861
8.566317
7.376809
8.148231
8.080327
7.834147
8.805006
7.351119
8.119720
10.269071
6.396598
7.647106
7.840549
8.948589
6.756145
7.695635
8.002055
8.362535
7.770295
8.139502
7.808533
7.965466
8.066933
8.838244
7.308367
7.811022
8.020831
8.835689
7.128599
8.113990
8.170318
9.208388
6.752084
7.785354
9.974837
6.242776
8.035625
8.262505
8.157179
9.017069
6.692111
9.116243
8.134657
6.707077
10.889655
4.638431
8.591870
7.465518
8.443923
7.626441
9.734741
6.514155
8.983110
7.253134
8.901285
6.630455
10.411143
6.410243
7.467949
7.707975
9.240892
7.202941
7.681772
9.704077
6.375810
7.865156
12.632843
5.786804
7.725336
6.437127
7.765379
8.981611
6.405302
9.415745
6.832349
8.079588
7.726813
8.045929
8.362709
8.667625
7.063303
9.802645
15.301099
0.072807
7.517336
11.591896
4.182843
8.440696
9.642843
7.332064
7.488442
6.696636
8.171246
11.001580
8.701130
5.372077
8.841223
6.905511
8.203454
10.734633
7.753830
5.541775
7.321003
9.251585
6.137506
8.377891
7.914292
7.584950
8.643409
7.480564
8.275488
8.774623
7.796531
7.876517
9.219404
6.172935
16.652873
0.073033
7.758057
8.354519
7.899501
10.987188
5.356077
7.433115
11.973770
3.694440
9.031342
8.385935
8.055403
6.533523
7.451314
9.471007
6.884574
8.706565
7.379642
9.211158
8.478212
6.391816
8.519367
8.542941
6.669959
8.437621
8.773206
8.007696
6.804562
8.232848
8.707429
8.453557
7.433771
10.106386
6.022738
7.268199
7.742377
8.232858
7.835702
8.948031
9.766315
5.227872
8.984891
7.111146
7.935550
8.102394
8.308497
9.554804
6.127150
10.117486
5.546253
11.114436
5.060137
8.760802
8.952574
6.899149
12.670320
4.415267
8.192278
8.696907
6.701893
6.614215
8.237760
8.150530
8.508171
7.391603
7.773391
8.074960
7.853298
8.319447
7.718628
8.046079
9.279842
7.039597
7.588912
8.439046
7.679488
8.791036
7.110872
7.889791
8.419335
7.892172
9.757175
8.554892
7.672240
9.466465
4.550274
7.986486
7.736577
9.519394
6.882421
11.707037
4.012311
8.385137
7.551388
8.250118
9.691814
8.209787
5.796233
8.262369
7.683346
11.423393
9.818650
2.730452
8.994985
9.391321
6.778912
7.123060
9.054844
8.781123
6.410646
8.150107
8.485487
7.507620
7.305937
8.620669
9.008624
7.158188
7.954413
7.345462
8.034094
8.135927
7.883349
7.885499
8.114686
8.155759
8.441866
7.629271
7.723206
10.612837
5.695086
7.633384
8.479804
7.885735
7.765687
8.312249
8.572155
7.167651
8.104191
7.634979
7.825791
8.237900
8.400384
7.754791
9.046958
6.672489
9.507836
8.214679
6.763223
9.609492
5.862907
8.149564
8.901372
7.610506
7.456237
8.885708
7.541291
7.664855
8.276154
8.460561
8.304108
7.488270
7.572731
9.224596
6.592325
8.103169
8.115832
8.512160
9.503680
6.286023
10.863062
4.764772
8.520874
7.718551
7.723632
7.950919
9.304164
8.655428
6.479747
9.259517
6.500403
7.846042
8.208298
7.898214
7.993654
8.289517
7.800535
7.744015
8.136259
8.437381
8.308340
6.947569
8.283431
7.909263
8.281644
8.544292
7.462799
8.366478
7.474979
9.820875
7.268202
6.822096
9.185217
7.563306
9.289779
6.509909
7.664617
8.455487
7.818386
7.687275
8.659566
7.797749
8.029339
8.734537
6.688705
10.184846
11.400976
3.242815
8.797544
6.379873
9.636210
7.042045
8.524525
7.137744
9.011886
9.020026
7.445534
9.952827
12.568113
8.655444
1.075077
7.984658
6.033813
8.891235
7.546077
10.604264
7.039106
10.064432
6.209845
6.352258
11.819940
10.221158
3.019172
7.946311
8.578473
7.300511
9.606891
8.694276
7.840396
6.736356
12.654845
7.112189
10.200269
3.372468
12.409241
5.686650
5.072281
10.379995
23.879374
0.203753
0.139910
28.881640
0.091077
0.078149
159.613226
2.977536
0.173359
3.963915
1.805443
0.563577
0.455680
0.666397
0.459472
0.695499
1.052626
1.530387
0.538419
0.451922
1.221122
1.568337
2.796012
0.081213
0.303954
0.118402
0.193702
0.286980
0.216246
4.275861
9.554399
4.078502
5.960674
7.962293
8.309667
8.188021
7.479496
8.051487
7.943004
7.926640
8.877069
7.335768
7.646624
8.091702
8.274270
7.775904
8.585000
7.495157
8.493616
7.481697
8.151640
7.836227
7.981701
7.840849
8.590587
7.514532
12.055196
3.789066
8.111341
8.032041
7.996845
7.903795
8.182207
7.832899
8.721994
7.621419
7.660971
11.524557
4.424915
8.031226
9.850491
7.169277
7.158634
8.515417
8.752354
6.548260
8.126015
7.835246
8.543012
7.940953
9.029788
7.740412
8.483374
6.469389
8.284497
7.475518
8.308718
7.715665
8.394822
9.338316
6.147543
8.141357
8.425753
7.503217
8.225764
8.085480
9.152808
6.593786
8.870092
7.283228
7.902721
8.013870
8.034273
8.392835
7.905589
8.479531
7.175646
8.096752
8.184620
8.241379
9.166108
8.020041
9.571187
6.180067
6.585993
8.109122
8.190982
7.973883
8.284614
7.474676
8.510077
8.353520
7.113780
8.244048
7.767144
8.082344
10.396581
5.356783
8.440873
8.558035
9.129800
6.459260
7.534760
9.648955
7.869884
8.231214
6.894773
9.485752
6.107041
8.813764
8.843265
7.398679
7.374736
7.510234
9.983620
6.754482
7.122892
8.035352
10.026490
6.274788
7.688941
8.078280
12.342848
3.386453
8.287263
8.419781
7.513876
8.757229
7.597577
8.128933
9.561373
6.631659
7.673624
7.597638
7.805945
8.872177
7.210137
7.888617
8.170798
8.019653
7.779410
8.185739
7.989657
7.932734
8.770110
7.481722
7.945678
9.021418
7.177978
8.280129
7.681315
7.758044
8.000184
8.517950
8.039956
7.609158
7.871916
7.878160
8.873173
7.595675
12.113062
4.627269
