0.103040
0.099091
0.096315
0.095680
0.095679
0.095869
0.095707
0.095334
0.096039
3.605529
8.005572
7.992710
8.002930
8.009810
8.009867
7.995440
7.999878
8.013350
8.012303
7.976154
8.003772
7.997317
8.024015
7.995663
7.974747
8.013645
8.000541
7.993277
8.012650
7.981669
8.006588
8.001201
7.996180
8.015836
7.980112
8.029077
7.992737
7.987474
8.044437
7.963827
7.997666
7.994017
8.000635
7.999048
8.028116
7.975237
7.999194
7.997604
7.997726
8.024972
8.006880
7.987603
8.002038
7.994307
7.992110
8.027932
7.986052
7.994536
8.010869
8.017255
7.961645
8.008198
8.009121
7.995364
8.020261
8.024537
7.948394
8.003650
8.048517
7.957991
7.987344
8.017466
7.984836
7.995520
8.029942
7.971251
8.021354
7.986049
8.028827
7.967318
7.997076
8.000579
7.995581
8.021684
7.988072
8.005363
8.014170
7.974656
8.019210
7.994653
8.018563
7.975535
7.998972
7.996141
8.026907
8.010389
7.973926
8.021416
7.991590
7.979824
7.999866
7.997565
8.001003
8.033936
7.973164
7.989617
8.035563
7.971505
8.005058
7.999815
8.001417
7.989496
8.009203
7.993618
8.005422
8.004603
7.994068
8.001530
8.016659
8.000935
7.981330
7.998112
8.002485
8.035155
7.961129
8.008432
7.992446
8.006411
8.034178
7.966092
8.010008
7.986614
8.027349
7.972351
8.032708
7.967907
8.027569
8.008527
7.983871
7.982148
8.019948
7.994057
8.017948
7.990283
7.998229
8.001566
7.998302
7.980389
8.020394
8.018906
7.965106
8.021110
7.975041
8.004355
7.996248
8.003886
7.997542
8.021524
7.999273
8.001237
8.000078
8.001673
7.978084
8.013393
7.991783
7.996222
8.002684
8.019682
7.999815
7.979803
8.001900
8.003501
8.014390
8.006302
8.009814
7.964105
7.998756
8.033870
7.990318
7.980352
7.996857
8.030251
7.971860
8.016988
7.983686
8.027928
7.974251
7.999298
8.019931
7.985028
8.001494
7.996137
8.001593
7.998712
8.031578
7.965897
7.998821
8.006780
8.020548
7.984359
8.018596
7.977038
8.000932
8.007319
7.991777
7.996888
8.037491
7.983202
8.002443
7.981281
7.999946
7.999800
8.003182
8.004451
7.988085
8.021149
8.004501
7.977387
8.022574
8.000343
7.991016
7.988963
7.998271
8.048653
7.964162
8.002147
8.011589
7.976211
8.018987
7.980351
8.005085
7.998991
8.009220
7.991645
8.001887
8.018319
8.002797
7.980360
8.019788
7.975630
8.014571
7.990915
7.994290
8.032192
7.979694
8.002651
7.999269
7.988237
8.028325
7.980587
8.000516
7.998395
7.993715
8.014026
7.996564
7.994952
8.001550
7.994533
8.019885
8.007734
7.982634
7.991693
8.037675
7.963742
8.022011
8.004574
7.993622
7.988471
8.012583
8.002155
7.979379
7.998117
8.011032
8.029750
7.974574
8.031861
7.975658
8.000254
7.999635
7.993037
7.991754
7.998716
7.997073
8.029444
7.971823
7.997540
8.008114
8.001878
8.012319
8.020171
7.960565
8.004202
8.006745
8.001185
7.996426
8.014001
8.009799
7.937631
8.072739
7.971214
8.010955
7.983217
8.011917
7.984051
8.006275
7.999645
8.002178
8.012972
8.002712
7.990139
7.991631
8.001301
8.000136
8.004713
7.998329
8.003540
7.998470
7.970807
8.047148
7.984053
7.994578
7.998770
8.002164
7.998117
8.008163
7.994445
8.017226
7.984421
8.032624
7.967832
8.002400
8.004341
7.987013
8.014507
7.991068
7.997580
8.004088
8.008823
8.009455
7.980468
7.997066
8.006809
7.999745
8.003655
7.998409
7.995195
8.013785
8.003116
8.009887
7.977957
7.994409
8.035363
7.967376
8.002171
7.997999
7.999024
8.012720
7.991328
8.022015
7.991352
7.991242
8.001387
8.000590
8.000760
7.989998
8.002477
8.002008
8.012869
8.016139
7.974850
8.015761
7.980206
8.002847
8.047293
7.972696
7.992714
7.992752
7.997420
7.994384
8.016365
8.011564
7.977882
8.001427
8.017449
7.981557
7.997479
8.000647
8.003716
8.000011
7.997309
7.998766
8.005182
8.011807
8.003250
7.984471
8.030042
7.972109
8.008770
8.000894
7.987716
8.011980
7.989419
8.031111
7.987260
7.994784
7.986565
8.000520
8.002452
7.997588
7.998639
8.003901
7.996545
8.005577
8.030568
7.966686
7.999665
8.003040
8.017939
7.980892
8.000133
8.003826
8.022189
7.977020
8.021921
7.984059
8.021912
7.976831
8.001612
7.990879
7.999483
8.006114
8.010165
7.986021
8.020478
8.015142
7.972183
8.010838
7.986188
8.020313
7.981809
8.004287
8.002425
7.989992
8.019146
7.985618
8.010151
7.999622
7.992761
8.002123
8.026853
7.980362
7.989930
7.998665
8.016372
7.995959
7.989079
8.013353
7.989124
7.996856
8.013232
7.986622
8.012893
7.987187
8.018824
7.985236
8.001203
8.010527
7.988979
7.995508
8.000012
7.999875
8.031390
7.985179
8.006957
7.981481
8.000764
7.994624
8.001896
8.004158
8.002717
7.999324
7.999868
8.010181
8.022828
7.979484
7.985057
8.016935
7.998511
8.000121
8.000520
7.990366
7.995877
8.035233
8.005058
7.965128
8.007625
8.002237
7.988538
8.001652
8.008407
7.995600
8.009821
7.985491
8.018347
7.993678
8.001262
7.986820
7.998518
8.002844
7.998758
8.004199
8.014625
7.998641
8.007723
7.979666
7.995969
8.009010
8.006928
7.993483
7.999494
8.028514
7.979599
8.122861
7.892489
7.992219
7.988719
7.988453
8.001122
8.006790
8.006537
8.009364
7.985887
8.005171
8.009278
7.983286
8.011562
7.987638
8.013436
7.993638
8.003631
8.002808
7.986832
8.002036
8.024088
7.982708
8.003969
7.995782
7.992976
8.003314
7.999678
8.012272
7.992639
8.006392
8.006776
7.989849
7.999886
7.994038
8.012728
7.988530
8.031407
7.977228
8.004319
7.990531
8.012611
7.991156
8.001119
8.003206
8.000853
8.001258
7.991678
8.014523
7.985978
7.994523
8.032189
7.972456
8.000843
8.003190
8.001637
7.995488
8.007562
8.001167
7.997111
8.001599
8.007408
7.990467
8.002747
7.996489
8.034293
7.965570
8.003977
8.007128
7.986094
8.012492
8.011595
7.977698
8.002095
8.001349
8.004880
7.996089
7.999515
8.001806
8.004364
7.987278
8.034915
7.975423
7.999868
8.031176
7.969396
7.999270
8.008869
7.998971
7.995791
7.994481
8.013671
7.996636
7.991429
8.002794
7.997618
7.999262
8.005989
7.994910
8.013768
7.994474
8.015680
7.979731
7.996209
8.006540
7.997360
8.014061
7.986011
8.004182
7.992160
8.014467
8.010130
7.992034
7.983569
8.001885
8.001837
8.010003
8.022453
7.974228
8.002072
8.004629
8.001050
7.998314
8.002220
7.986847
8.000158
7.996708
8.003001
8.012363
7.984651
8.040140
7.979793
7.987583
8.001200
8.001808
7.994685
8.002742
7.996984
8.007858
7.998354
8.000038
8.014048
7.986528
7.996102
8.014838
7.984617
8.004443
8.004145
7.995383
8.004597
7.997125
8.019443
7.983691
8.001929
8.004248
7.993283
8.002589
7.999178
7.997072
7.998556
8.006537
8.010998
7.989306
7.990272
8.010207
7.994351
7.998797
8.005422
7.999161
7.998629
8.002660
8.031119
7.969424
7.996133
8.002937
8.000768
7.999558
7.996929
8.003753
8.000541
8.010318
8.005101
7.981826
8.002724
8.000328
8.001065
8.003027
7.992732
8.000569
8.008025
7.996655
8.018951
7.985921
8.014408
7.980207
7.999354
7.998144
8.006441
8.009532
7.987788
8.002355
8.019460
7.985855
8.056437
7.964930
7.973170
7.996051
8.007001
8.000932
7.995614
8.002283
8.024662
7.974512
7.999936
7.991710
8.013099
7.997307
8.035072
7.985986
8.001143
7.982430
8.021837
7.973651
8.003233
8.012659
7.981983
8.032962
7.972721
8.011085
7.991683
7.999223
7.996522
8.015922
7.988086
8.000364
8.002446
8.019523
7.992940
7.996276
7.987405
8.003671
7.996063
8.004111
7.999779
7.997109
8.009126
8.026639
7.967228
7.999299
8.015486
8.009266
7.977497
8.011256
7.987575
8.003418
8.000487
8.019663
8.005959
7.974651
7.995662
8.001794
8.008580
7.994332
8.001175
7.995294
8.000135
8.020656
7.989903
7.995565
7.998870
8.001828
7.995017
8.005176
7.996599
7.998766
8.003668
8.022419
7.992044
7.985473
8.014602
7.987369
7.999181
7.999294
8.003181
8.010844
7.986697
8.036260
7.964550
7.998921
8.033574
7.969407
8.006527
7.995619
8.001439
8.001156
7.997965
8.019527
7.986846
7.997654
7.996267
8.014597
7.998496
8.002398
7.983880
8.004275
8.035838
7.986808
8.027395
7.948512
8.001880
8.010558
8.002324
7.992850
8.023403
7.970353
8.013148
8.012716
7.987894
7.991726
7.998680
8.011288
8.019244
7.980589
7.997516
7.999977
8.000458
8.027754
7.973792
7.993123
8.006437
7.989181
8.010683
8.002492
7.992261
8.026689
7.977310
8.018141
7.980651
8.000585
7.995739
8.012375
8.000909
7.992366
8.001229
8.065917
7.979026
7.968476
8.002579
8.014840
7.976391
7.986679
8.002406
8.009242
7.999122
7.999655
8.006017
8.006906
7.982309
8.004542
8.020688
7.977641
8.002882
7.996904
8.015965
7.984832
8.000405
8.013337
7.991154
7.995493
8.000020
8.000667
8.008075
7.996613
8.005679
8.001538
8.136747
7.866526
7.995503
7.995494
7.998572
7.998517
8.003368
8.000320
7.993946
8.042634
7.963574
8.014820
8.002857
7.988407
7.999876
8.006884
7.992655
7.994168
8.001357
8.001302
7.996490
8.017533
7.981678
8.008782
8.039368
7.955825
7.937363
8.116455
7.946653
7.997491
8.011950
8.012991
7.988679
7.995470
8.000116
8.001647
8.003776
7.985820
7.999733
8.015102
7.993512
8.015625
7.977355
8.078968
7.928654
8.011142
7.985009
7.997759
8.021721
8.029264
7.956755
8.016970
7.980863
8.008149
7.997330
8.008955
7.997436
7.995845
7.998761
7.992478
8.002142
8.025962
8.000915
7.977140
7.996751
7.998991
7.998878
8.023588
8.044048
7.937436
8.008303
8.007063
7.987398
8.006490
7.988740
8.008984
7.990184
8.000725
8.003799
8.004262
7.997536
8.022519
7.979170
8.007943
8.008660
7.986803
8.004070
8.043864
7.948888
8.001471
7.995584
8.028180
8.026990
7.950721
8.002205
7.998050
7.992936
8.035603
7.980670
7.989907
7.995233
7.999976
8.002718
8.014896
8.001226
7.989276
8.125157
7.885409
7.985115
8.004530
8.009579
8.065788
7.935597
7.987113
8.012782
8.004602
7.982986
8.001936
8.002022
8.019115
7.984492
8.023302
7.985257
7.984832
8.004337
8.010999
7.989881
7.998283
7.997756
8.006820
8.011309
8.006138
8.052771
7.927578
8.017585
7.993543
7.999936
7.999740
7.999660
7.990781
8.063723
7.952344
7.986866
8.018079
7.975925
8.004409
8.000522
8.011643
8.005485
7.983760
8.027055
7.995620
7.981824
7.996645
7.997709
8.004162
7.997008
8.000799
8.029487
7.970981
8.014607
8.009407
7.983674
7.990883
8.007664
8.010100
8.003215
7.996010
7.989891
8.006729
8.005222
8.012553
7.973643
8.003219
8.012674
7.999982
8.061695
7.995526
7.963268
7.967190
7.999428
8.018240
7.985482
8.000261
8.070951
7.938930
7.990672
8.030195
8.040169
7.932160
7.995543
8.044510
8.009559
7.951694
7.995263
7.998573
8.049460
8.006303
7.947533
8.012122
8.002117
8.013705
7.974801
8.015172
7.995229
7.985492
8.062151
7.938236
8.014913
7.992838
7.999631
8.023555
7.972226
8.014364
7.999546
7.999272
8.001436
8.002931
7.992009
8.082765
7.908287
8.023385
8.073222
7.972866
7.931882
8.005677
8.094433
7.906110
8.000630
7.996240
8.004481
8.051555
7.946393
8.001961
7.996953
8.000642
8.021180
8.054520
7.991334
7.949274
7.998675
7.987736
8.049757
7.947894
8.002576
8.004278
8.069698
7.948529
8.032861
7.951914
8.002481
8.043323
7.999379
7.999717
7.956891
8.027228
8.055285
7.967685
7.972442
7.978202
7.994420
8.082440
7.964751
8.008283
7.950364
8.026849
8.044105
7.977343
7.951095
8.028670
7.968508
8.056864
8.014639
7.927360
8.001898
8.006989
8.016499
7.987761
7.999633
7.992896
7.999632
8.008872
8.045745
8.004500
7.940421
7.998299
8.070719
7.981333
8.013639
7.940088
8.053207
7.943153
8.051460
7.948814
8.006507
7.995674
8.020146
7.996304
7.993945
8.046248
7.951517
7.992503
8.022827
8.035273
7.963875
8.037780
8.042820
7.910660
8.061107
7.930656
8.010119
8.042550
7.955811
8.055675
7.948305
8.007762
8.050602
7.983544
8.005131
7.949535
8.067662
7.977273
8.007932
7.945910
8.001195
8.007045
8.055773
7.988301
7.996999
7.962170
8.002636
8.034451
7.956767
8.049621
7.950913
8.001170
8.065207
7.978943
8.024856
7.983486
7.948169
8.050360
7.946466
8.050833
7.957780
7.990641
8.071880
7.985777
8.000203
8.020486
7.969547
8.024785
7.975883
8.009550
7.953679
7.999507
8.083353
7.973904
7.982040
7.957714
8.004625
8.044873
7.996074
8.007887
7.943683
8.006239
8.012504
7.992499
7.993310
7.996738
8.004142
8.050776
7.999488
8.040421
7.906024
8.176623
7.897325
7.981584
7.948008
8.063699
8.019887
7.969137
7.998239
7.998825
7.948353
8.053378
8.027414
7.992714
7.981718
7.941836
8.053559
8.007370
7.998815
7.947267
8.048555
8.037835
7.984325
7.987481
7.988927
8.004770
8.006268
8.000923
7.988618
8.057398
7.944235
7.998171
8.050115
7.978984
8.024393
7.948096
8.006277
8.013685
7.985252
8.001533
